19, 12, 27
17, 11, 27
15, 10, 27
14, 10, 27
12, 9, 27
21, 13, 26
19, 12, 26
17, 11, 26
15, 10, 26
14, 10, 26
13, 9, 28
12, 9, 26
10, 8, 26
14, 10, 28
15, 10, 28
16, 11, 27
17, 11, 28
16, 11, 26
21, 13, 25
19, 12, 25
17, 11, 25
15, 10, 25
14, 10, 25
12, 9, 25
10, 8, 25
23, 14, 24
21, 13, 24
19, 12, 24
17, 11, 24
15, 10, 24
14, 10, 24
12, 9, 24
10, 8, 24
8, 7, 24
23, 14, 23
21, 13, 23
19, 12, 23
17, 11, 23
15, 10, 23
14, 10, 23
15, 10, 29
12, 9, 23
10, 8, 23
8, 7, 23
17, 11, 29
19, 12, 28
16, 11, 23
23, 14, 22
21, 13, 22
19, 12, 22
17, 11, 22
15, 10, 22
14, 10, 22
12, 9, 22
10, 8, 22
8, 7, 22
23, 14, 21
21, 13, 21
19, 12, 21
17, 11, 21
15, 10, 21
14, 10, 21
12, 9, 21
10, 8, 21
10, 8, 27
12, 9, 28
24, 14, 21
23, 14, 20
21, 13, 20
19, 12, 20
17, 11, 20
16, 11, 20
8, 7, 21
15, 10, 20
14, 10, 20
12, 9, 20
10, 8, 20
23, 14, 19
21, 13, 19
19, 12, 19
17, 11, 19
16, 11, 19
14, 10, 19
12, 9, 19
10, 8, 19
18, 12, 19
23, 14, 18
21, 13, 18
19, 12, 18
17, 11, 18
16, 11, 18
15, 10, 19
14, 10, 18
12, 9, 18
13, 9, 29
10, 8, 18
14, 10, 29
15, 10, 30
17, 11, 30
21, 13, 17
19, 12, 17
17, 11, 17
16, 11, 17
15, 10, 17
14, 10, 17
12, 9, 17
10, 8, 17
23, 14, 17
21, 13, 16
19, 12, 16
17, 11, 16
16, 11, 16
14, 10, 16
12, 9, 16
10, 8, 16
21, 13, 15
19, 12, 15
18, 12, 15
17, 11, 15
16, 11, 15
15, 10, 16
14, 10, 15
12, 9, 15
10, 8, 15
21, 13, 14
19, 12, 14
17, 11, 14
16, 11, 14
14, 10, 14
12, 9, 14
10, 8, 14
18, 12, 14
21, 13, 13
19, 12, 13
17, 11, 13
16, 11, 13
14, 10, 13
12, 9, 13
10, 8, 13
21, 13, 12
19, 12, 12
17, 11, 12
16, 11, 12
14, 10, 12
12, 9, 12
10, 8, 12
19, 12, 11
18, 12, 11
17, 11, 11
21, 13, 11
16, 11, 11
14, 10, 11
19, 12, 10
17, 11, 10
12, 9, 11
10, 8, 11
18, 12, 10
21, 13, 27
20, 13, 27
18, 12, 27
19, 13, 27
17, 12, 27
15, 11, 27
13, 10, 27
14, 11, 27
11, 9, 27
12, 10, 27
23, 13, 27
22, 13, 27
21, 12, 27
20, 12, 27
19, 11, 27
18, 11, 27
17, 10, 27
16, 10, 27
15, 9, 27
14, 9, 27
13, 9, 27
12, 8, 27
11, 8, 27
10, 7, 27
9, 7, 27
11, 8, 28
10, 7, 28
8, 6, 27
12, 8, 28
24, 14, 26
23, 14, 26
22, 14, 26
14, 9, 28
13, 8, 28
16, 10, 28
15, 9, 28
18, 11, 28
17, 10, 28
20, 13, 26
21, 14, 26
18, 12, 26
19, 13, 26
17, 12, 26
8, 7, 27
8, 6, 28
15, 11, 26
20, 12, 28
19, 11, 28
13, 10, 26
14, 11, 26
21, 12, 28
11, 9, 26
12, 10, 26
26, 14, 26
25, 14, 26
10, 9, 26
23, 13, 26
22, 13, 26
24, 13, 27
21, 12, 26
20, 12, 26
19, 11, 26
18, 11, 26
9, 8, 26
17, 10, 26
16, 10, 26
8, 7, 26
15, 9, 26
14, 9, 26
13, 9, 26
13, 10, 28
12, 8, 26
11, 8, 26
10, 7, 26
9, 7, 26
8, 6, 26
7, 6, 26
14, 11, 28
15, 11, 28
16, 12, 27
16, 11, 28
23, 14, 25
22, 14, 25
17, 12, 28
20, 13, 25
21, 14, 25
18, 12, 25
19, 13, 25
18, 12, 28
16, 12, 26
16, 11, 25
17, 12, 25
15, 11, 25
13, 10, 25
14, 11, 25
11, 9, 25
12, 10, 25
26, 14, 25
25, 14, 25
24, 13, 26
24, 14, 25
9, 8, 25
10, 9, 25
23, 13, 25
22, 13, 25
21, 12, 25
20, 12, 25
19, 11, 25
18, 11, 25
8, 8, 25
17, 10, 25
16, 10, 25
8, 7, 25
15, 9, 25
14, 9, 25
13, 9, 25
12, 8, 25
11, 8, 25
10, 7, 25
9, 7, 25
8, 6, 25
7, 6, 25
6, 5, 25
26, 15, 24
24, 14, 24
25, 15, 24
22, 14, 24
23, 15, 24
20, 13, 24
21, 14, 24
18, 12, 24
19, 13, 24
16, 11, 24
17, 12, 24
15, 11, 24
13, 10, 24
14, 11, 24
27, 15, 24
11, 9, 24
12, 10, 24
26, 14, 24
25, 14, 24
9, 8, 24
10, 9, 24
23, 13, 24
22, 13, 24
21, 12, 24
20, 12, 24
12, 8, 29
19, 11, 24
18, 11, 24
8, 8, 24
17, 10, 24
16, 10, 24
14, 9, 29
13, 8, 29
7, 7, 24
15, 9, 24
14, 9, 24
13, 9, 24
12, 8, 24
11, 8, 24
16, 10, 29
15, 9, 29
10, 7, 24
9, 7, 24
8, 6, 24
7, 6, 24
18, 11, 29
17, 10, 29
6, 5, 24
26, 15, 23
25, 15, 23
24, 15, 23
9, 8, 27
9, 7, 28
19, 11, 29
22, 14, 23
23, 15, 23
20, 13, 23
21, 14, 23
18, 12, 23
19, 13, 23
17, 12, 23
15, 11, 23
13, 10, 23
14, 11, 23
28, 15, 23
27, 15, 23
11, 9, 23
12, 10, 23
26, 14, 23
25, 14, 23
24, 13, 24
24, 14, 23
9, 8, 23
10, 9, 23
23, 13, 23
22, 13, 23
21, 12, 23
20, 12, 23
19, 11, 23
18, 11, 23
8, 8, 23
17, 10, 23
16, 10, 23
7, 7, 23
15, 9, 23
14, 9, 23
13, 9, 23
15, 11, 29
12, 8, 23
11, 8, 23
16, 11, 29
10, 7, 23
9, 7, 23
8, 6, 23
7, 6, 23
17, 12, 29
6, 5, 23
18, 12, 29
19, 13, 28
19, 12, 29
20, 13, 28
20, 12, 29
26, 15, 22
25, 15, 22
24, 15, 22
21, 13, 28
21, 12, 29
22, 13, 28
22, 14, 22
23, 15, 22
23, 13, 28
20, 13, 22
21, 14, 22
18, 12, 22
19, 13, 22
16, 12, 23
16, 11, 22
17, 12, 22
15, 11, 22
13, 10, 22
14, 11, 22
28, 15, 22
27, 15, 22
11, 9, 22
12, 10, 22
26, 14, 22
25, 14, 22
24, 14, 22
9, 8, 22
10, 9, 22
23, 13, 22
22, 13, 22
21, 12, 22
20, 12, 22
19, 11, 22
18, 11, 22
8, 8, 22
17, 10, 22
16, 10, 22
7, 7, 22
15, 9, 22
14, 9, 22
13, 9, 22
6, 6, 23
12, 8, 22
11, 8, 22
10, 7, 22
9, 7, 22
8, 6, 22
7, 6, 22
6, 5, 22
26, 15, 21
25, 15, 21
24, 15, 21
22, 14, 21
23, 15, 21
20, 13, 21
21, 14, 21
18, 12, 21
19, 13, 21
16, 11, 21
17, 12, 21
15, 11, 21
13, 10, 21
14, 11, 21
28, 15, 21
27, 15, 21
11, 9, 21
12, 10, 21
26, 14, 21
25, 14, 21
9, 8, 21
10, 9, 21
23, 13, 21
22, 13, 21
14, 9, 30
13, 8, 30
21, 12, 21
20, 12, 21
19, 11, 21
18, 11, 21
16, 10, 30
15, 9, 30
8, 8, 21
17, 10, 21
16, 10, 21
15, 9, 21
14, 9, 21
13, 9, 21
12, 8, 21
11, 8, 21
18, 11, 30
17, 10, 30
10, 7, 21
9, 7, 21
10, 9, 27
10, 8, 28
10, 7, 29
8, 6, 21
7, 6, 21
19, 11, 30
6, 5, 21
26, 15, 20
25, 15, 20
24, 15, 20
11, 9, 28
11, 8, 29
22, 14, 20
23, 15, 20
20, 13, 20
21, 14, 20
18, 12, 20
19, 13, 20
17, 12, 20
12, 10, 28
12, 9, 29
12, 8, 30
15, 11, 20
16, 12, 20
13, 10, 20
14, 11, 20
28, 15, 20
27, 15, 20
11, 9, 20
12, 10, 20
26, 14, 20
25, 14, 20
24, 13, 21
24, 14, 20
9, 8, 20
10, 9, 20
23, 13, 20
22, 13, 20
21, 12, 20
20, 12, 20
19, 11, 20
18, 11, 20
16, 11, 30
8, 8, 20
17, 10, 20
16, 10, 20
7, 7, 21
8, 7, 20
15, 9, 20
14, 9, 20
13, 9, 20
12, 8, 20
11, 8, 20
10, 7, 20
9, 7, 20
8, 6, 20
7, 6, 20
6, 5, 20
26, 15, 19
25, 15, 19
24, 15, 19
22, 14, 19
23, 15, 19
20, 13, 19
21, 14, 19
19, 13, 19
17, 12, 19
15, 11, 19
16, 12, 19
13, 10, 19
14, 11, 19
11, 9, 19
12, 10, 19
25, 14, 19
24, 14, 19
9, 8, 19
10, 9, 19
23, 13, 19
22, 13, 19
21, 12, 19
20, 12, 19
19, 11, 19
18, 11, 19
8, 8, 19
17, 10, 19
16, 10, 19
8, 7, 19
14, 9, 19
13, 9, 19
12, 8, 19
11, 8, 19
10, 7, 19
9, 7, 19
8, 6, 19
7, 6, 19
6, 5, 19
24, 15, 18
28, 15, 19
27, 15, 19
22, 14, 18
23, 15, 18
20, 13, 18
21, 14, 18
18, 13, 19
18, 12, 18
19, 13, 18
17, 12, 18
16, 10, 31
15, 9, 31
15, 11, 18
16, 12, 18
13, 10, 18
14, 11, 18
26, 14, 19
17, 10, 31
11, 9, 18
12, 10, 18
25, 14, 18
24, 14, 18
9, 8, 18
10, 9, 18
23, 13, 18
22, 13, 18
21, 12, 18
20, 12, 18
19, 11, 18
18, 11, 18
17, 10, 18
16, 10, 18
15, 9, 19
15, 10, 18
8, 7, 18
14, 9, 18
13, 9, 18
12, 8, 18
11, 8, 18
13, 10, 29
13, 9, 30
13, 8, 31
10, 7, 18
9, 7, 18
8, 6, 18
7, 6, 18
6, 5, 18
14, 11, 29
14, 10, 30
14, 9, 31
26, 15, 18
25, 15, 18
22, 14, 17
15, 11, 30
15, 10, 31
20, 13, 17
21, 14, 17
18, 12, 17
19, 13, 17
17, 12, 17
15, 11, 17
16, 12, 17
17, 12, 30
17, 11, 31
18, 12, 30
18, 11, 31
13, 10, 17
14, 11, 17
19, 12, 30
19, 11, 31
20, 12, 30
11, 9, 17
12, 10, 17
26, 14, 17
25, 14, 17
24, 14, 17
21, 12, 30
10, 9, 17
23, 13, 17
22, 13, 17
21, 12, 17
20, 12, 17
19, 11, 17
18, 11, 17
8, 8, 18
9, 8, 17
17, 10, 17
16, 10, 17
8, 7, 17
15, 9, 17
14, 9, 17
13, 9, 17
12, 8, 17
11, 8, 17
10, 7, 17
9, 7, 17
8, 6, 17
7, 6, 17
24, 15, 17
23, 15, 17
23, 14, 16
22, 14, 16
20, 13, 16
21, 14, 16
18, 12, 16
19, 13, 16
17, 12, 16
15, 11, 16
16, 12, 16
13, 10, 16
14, 11, 16
11, 9, 16
12, 10, 16
26, 14, 16
25, 14, 16
24, 14, 16
10, 9, 16
23, 13, 16
22, 13, 16
21, 12, 16
20, 12, 16
19, 11, 16
18, 11, 16
9, 8, 16
17, 10, 16
16, 10, 16
8, 7, 16
14, 9, 16
13, 9, 16
8, 6, 29
12, 8, 16
11, 8, 16
6, 5, 17
10, 7, 16
9, 7, 16
8, 6, 16
7, 6, 16
15, 9, 32
23, 14, 15
22, 14, 15
17, 10, 32
20, 13, 15
21, 14, 15
19, 13, 15
17, 12, 15
18, 13, 15
15, 11, 15
16, 12, 15
13, 10, 15
14, 11, 15
11, 9, 15
12, 10, 15
25, 14, 15
24, 14, 15
10, 9, 15
23, 13, 15
22, 13, 15
21, 12, 15
20, 12, 15
19, 11, 15
18, 11, 15
9, 8, 15
17, 10, 15
16, 10, 15
15, 9, 16
15, 10, 15
8, 7, 15
14, 9, 15
13, 9, 15
12, 8, 15
11, 8, 15
10, 7, 15
9, 7, 15
8, 6, 15
19, 11, 32
23, 14, 14
22, 14, 14
20, 13, 14
21, 14, 14
19, 13, 14
17, 12, 14
15, 11, 14
16, 12, 14
13, 10, 14
14, 11, 14
26, 14, 15
11, 9, 14
12, 10, 14
25, 14, 14
24, 14, 14
23, 13, 14
22, 13, 14
21, 12, 14
20, 12, 14
10, 9, 14
19, 11, 14
18, 11, 14
9, 8, 14
17, 10, 14
16, 10, 14
15, 10, 14
8, 7, 14
14, 9, 14
13, 9, 14
7, 6, 15
12, 8, 14
11, 8, 14
10, 7, 14
9, 7, 14
8, 6, 14
23, 14, 13
22, 14, 13
20, 13, 13
21, 14, 13
18, 13, 14
18, 12, 13
19, 13, 13
17, 12, 13
15, 11, 13
16, 12, 13
13, 10, 13
14, 11, 13
11, 9, 13
12, 10, 13
23, 13, 13
22, 13, 13
21, 12, 13
20, 12, 13
10, 9, 13
19, 11, 13
18, 11, 13
9, 8, 13
17, 10, 13
16, 10, 13
15, 10, 13
8, 7, 13
14, 9, 13
13, 9, 13
12, 8, 13
11, 8, 13
10, 7, 13
9, 7, 13
8, 6, 13
25, 14, 13
24, 14, 13
20, 13, 12
21, 14, 12
18, 12, 12
19, 13, 12
17, 12, 12
15, 11, 12
16, 12, 12
16, 11, 31
16, 10, 32
13, 10, 12
14, 11, 12
11, 9, 12
12, 10, 12
23, 13, 12
22, 13, 12
21, 12, 12
20, 12, 12
10, 9, 12
19, 11, 12
18, 11, 12
9, 8, 12
17, 10, 12
16, 10, 12
15, 10, 12
14, 9, 12
13, 9, 12
12, 8, 12
11, 8, 12
10, 7, 12
9, 7, 12
8, 6, 12
23, 14, 12
22, 14, 12
20, 13, 11
19, 13, 11
17, 12, 11
18, 13, 11
15, 11, 11
13, 10, 11
11, 9, 11
23, 13, 11
22, 13, 11
21, 12, 11
20, 12, 11
19, 11, 11
18, 11, 11
17, 10, 11
16, 10, 11
15, 10, 11
8, 7, 12
14, 9, 11
13, 9, 11
12, 8, 11
11, 8, 11
10, 7, 11
9, 7, 11
8, 6, 11
21, 14, 11
21, 13, 10
20, 13, 10
12, 8, 31
13, 8, 32
16, 12, 11
16, 11, 10
14, 11, 11
14, 10, 10
14, 9, 32
23, 13, 10
22, 13, 10
15, 10, 32
15, 9, 33
21, 12, 10
20, 12, 10
19, 11, 10
18, 11, 10
9, 8, 11
17, 10, 10
16, 10, 10
15, 10, 10
14, 9, 10
13, 9, 10
12, 8, 10
11, 8, 10
10, 7, 10
19, 13, 10
19, 12, 9
17, 12, 10
17, 11, 9
12, 10, 11
12, 9, 10
10, 9, 11
10, 8, 10
21, 12, 9
20, 12, 9
19, 11, 9
18, 11, 9
17, 10, 9
16, 10, 9
9, 7, 10
14, 9, 9
12, 8, 9
10, 7, 9
23, 13, 9
22, 13, 9
21, 13, 9
17, 11, 32
18, 11, 32
15, 11, 10
15, 10, 9
13, 10, 10
13, 9, 9
11, 9, 10
11, 8, 9
21, 12, 8
19, 11, 8
17, 10, 8
8, 6, 10
20, 13, 9
20, 12, 8
18, 13, 10
18, 12, 9
18, 11, 8
16, 11, 9
16, 10, 8
14, 10, 9
14, 9, 8
12, 8, 8
17, 10, 33
19, 11, 33
19, 12, 8
19, 11, 7
10, 7, 8
21, 12, 7
17, 11, 8
17, 10, 7
26, 14, 27
25, 14, 27
24, 14, 27
23, 14, 27
22, 14, 27
21, 14, 27
20, 14, 27
18, 13, 27
19, 14, 27
17, 13, 27
15, 12, 27
13, 11, 27
14, 12, 27
28, 14, 27
27, 14, 27
11, 10, 27
12, 11, 27
26, 13, 27
25, 13, 27
23, 12, 27
22, 12, 27
21, 11, 27
20, 11, 27
19, 10, 27
18, 10, 27
7, 5, 28
17, 9, 27
16, 9, 27
6, 4, 28
9, 6, 28
8, 5, 28
15, 8, 27
14, 8, 27
13, 8, 27
7, 6, 27
12, 7, 27
11, 7, 27
6, 5, 27
10, 6, 27
9, 6, 27
11, 7, 28
10, 6, 28
8, 5, 27
7, 5, 27
12, 7, 28
6, 4, 27
5, 4, 27
28, 15, 26
27, 15, 26
26, 15, 26
25, 15, 26
24, 15, 26
23, 15, 26
22, 15, 26
14, 8, 28
13, 7, 28
16, 9, 28
15, 8, 28
7, 7, 27
7, 6, 28
18, 10, 28
17, 9, 28
20, 14, 26
21, 15, 26
18, 13, 26
19, 14, 26
17, 13, 26
8, 8, 27
8, 7, 28
15, 12, 26
30, 15, 26
29, 15, 26
20, 11, 28
19, 10, 28
13, 11, 26
14, 12, 26
28, 14, 26
27, 14, 26
22, 12, 28
21, 11, 28
11, 10, 26
12, 11, 26
26, 13, 26
25, 13, 26
9, 9, 26
10, 10, 26
23, 12, 26
22, 12, 26
24, 12, 27
24, 13, 28
23, 12, 28
21, 11, 26
20, 11, 26
25, 13, 28
8, 9, 26
19, 10, 26
18, 10, 26
26, 13, 28
8, 8, 26
17, 9, 26
16, 9, 26
7, 7, 26
15, 8, 26
14, 8, 26
13, 8, 26
13, 11, 28
6, 6, 26
12, 7, 26
11, 7, 26
6, 5, 26
10, 6, 26
9, 6, 26
8, 5, 26
7, 5, 26
14, 12, 28
6, 4, 26
5, 4, 26
15, 12, 28
16, 13, 27
16, 12, 28
28, 15, 25
27, 15, 25
26, 15, 25
25, 15, 25
24, 15, 25
23, 15, 25
22, 15, 25
17, 13, 28
20, 14, 25
21, 15, 25
18, 13, 25
19, 14, 25
18, 13, 28
16, 13, 26
16, 12, 25
17, 13, 25
15, 12, 25
30, 15, 25
29, 15, 25
13, 11, 25
14, 12, 25
28, 14, 25
27, 14, 25
11, 10, 25
12, 11, 25
26, 13, 25
25, 13, 25
24, 12, 26
24, 13, 25
9, 9, 25
10, 10, 25
23, 12, 25
22, 12, 25
21, 11, 25
20, 11, 25
8, 9, 25
19, 10, 25
18, 10, 25
7, 8, 25
17, 9, 25
16, 9, 25
28, 14, 28
7, 7, 25
15, 8, 25
14, 8, 25
13, 8, 25
6, 6, 25
12, 7, 25
11, 7, 25
30, 15, 27
5, 5, 25
10, 6, 25
9, 6, 25
8, 5, 25
7, 5, 25
6, 4, 25
5, 4, 25
26, 16, 24
28, 15, 24
27, 16, 24
24, 15, 24
25, 16, 24
22, 15, 24
23, 16, 24
20, 14, 24
21, 15, 24
18, 13, 24
19, 14, 24
16, 12, 24
17, 13, 24
15, 12, 24
30, 15, 24
29, 15, 24
13, 11, 24
14, 12, 24
28, 14, 24
27, 14, 24
11, 10, 24
12, 11, 24
26, 13, 24
25, 13, 24
9, 6, 29
8, 5, 29
9, 9, 24
10, 10, 24
23, 12, 24
22, 12, 24
6, 5, 28
6, 4, 29
7, 5, 29
8, 9, 24
21, 11, 24
20, 11, 24
11, 7, 29
10, 6, 29
12, 7, 29
19, 10, 24
18, 10, 24
7, 8, 24
17, 9, 24
16, 9, 24
14, 8, 29
13, 7, 29
6, 7, 24
15, 8, 24
14, 8, 24
13, 8, 24
6, 6, 24
12, 7, 24
11, 7, 24
16, 9, 29
15, 8, 29
5, 5, 24
10, 6, 24
9, 6, 24
4, 4, 24
8, 5, 24
7, 5, 24
18, 10, 29
17, 9, 29
6, 4, 24
5, 4, 24
4, 3, 24
27, 16, 23
26, 16, 23
25, 16, 23
24, 16, 23
28, 16, 23
9, 9, 27
9, 8, 28
9, 7, 29
20, 11, 29
19, 10, 29
22, 15, 23
23, 16, 23
10, 10, 27
20, 14, 23
21, 15, 23
18, 13, 23
19, 14, 23
17, 13, 23
22, 12, 29
21, 11, 29
23, 12, 29
15, 12, 23
30, 15, 23
29, 15, 23
13, 11, 23
14, 12, 23
28, 14, 23
27, 14, 23
24, 12, 29
11, 10, 23
12, 11, 23
26, 13, 23
25, 13, 23
24, 12, 24
24, 13, 23
9, 9, 23
10, 10, 23
23, 12, 23
22, 12, 23
21, 11, 23
20, 11, 23
8, 9, 23
19, 10, 23
18, 10, 23
7, 8, 23
17, 9, 23
16, 9, 23
6, 7, 23
15, 8, 23
14, 8, 23
13, 8, 23
15, 12, 29
12, 7, 23
11, 7, 23
16, 12, 29
5, 5, 23
10, 6, 23
9, 6, 23
4, 4, 23
8, 5, 23
7, 5, 23
17, 13, 29
6, 4, 23
5, 4, 23
18, 13, 29
19, 14, 28
19, 13, 29
20, 14, 28
20, 13, 29
28, 16, 22
27, 16, 22
26, 16, 22
25, 16, 22
24, 16, 22
29, 16, 22
21, 14, 28
21, 13, 29
22, 14, 28
22, 13, 29
22, 15, 22
23, 16, 22
23, 14, 28
23, 13, 29
24, 14, 28
24, 13, 29
20, 14, 22
21, 15, 22
25, 14, 28
25, 13, 29
18, 13, 22
19, 14, 22
26, 14, 28
26, 13, 29
16, 13, 23
16, 12, 22
17, 13, 22
15, 12, 22
30, 15, 22
29, 15, 22
27, 14, 28
13, 11, 22
14, 12, 22
28, 14, 22
27, 14, 22
11, 10, 22
12, 11, 22
26, 13, 22
25, 13, 22
24, 13, 22
9, 9, 22
10, 10, 22
23, 12, 22
22, 12, 22
21, 11, 22
20, 11, 22
8, 9, 22
19, 10, 22
18, 10, 22
7, 8, 22
17, 9, 22
16, 9, 22
6, 7, 22
15, 8, 22
14, 8, 22
13, 8, 22
5, 6, 23
6, 6, 22
12, 7, 22
11, 7, 22
5, 5, 22
10, 6, 22
9, 6, 22
8, 5, 22
7, 5, 22
6, 4, 22
5, 4, 22
4, 3, 23
4, 4, 22
28, 16, 21
27, 16, 21
26, 16, 21
25, 16, 21
24, 16, 21
29, 16, 21
22, 15, 21
23, 16, 21
20, 14, 21
21, 15, 21
18, 13, 21
19, 14, 21
9, 6, 30
8, 5, 30
16, 12, 21
17, 13, 21
15, 12, 21
30, 15, 21
29, 15, 21
13, 11, 21
14, 12, 21
28, 14, 21
27, 14, 21
11, 7, 30
10, 6, 30
12, 7, 30
11, 10, 21
12, 11, 21
26, 13, 21
25, 13, 21
9, 9, 21
10, 10, 21
23, 12, 21
22, 12, 21
14, 8, 30
13, 7, 30
21, 11, 21
20, 11, 21
8, 9, 21
19, 10, 21
18, 10, 21
16, 9, 30
15, 8, 30
7, 8, 21
17, 9, 21
16, 9, 21
15, 8, 21
14, 8, 21
13, 8, 21
6, 6, 21
12, 7, 21
11, 7, 21
18, 10, 30
17, 9, 30
5, 5, 21
10, 6, 21
9, 6, 21
10, 9, 28
10, 8, 29
10, 7, 30
8, 5, 21
7, 5, 21
20, 11, 30
19, 10, 30
3, 3, 22
6, 4, 21
5, 4, 21
4, 4, 21
28, 16, 20
27, 16, 20
26, 16, 20
25, 16, 20
24, 16, 20
11, 10, 28
11, 9, 29
11, 8, 30
22, 12, 30
21, 11, 30
22, 15, 20
23, 16, 20
23, 12, 30
20, 14, 20
21, 15, 20
18, 13, 20
19, 14, 20
17, 13, 20
12, 11, 28
12, 10, 29
12, 9, 30
15, 12, 20
16, 13, 20
30, 15, 20
29, 15, 20
13, 11, 20
14, 12, 20
28, 14, 20
27, 14, 20
11, 10, 20
12, 11, 20
26, 13, 20
25, 13, 20
24, 12, 21
24, 13, 20
9, 9, 20
10, 10, 20
23, 12, 20
22, 12, 20
21, 11, 20
20, 11, 20
8, 9, 20
19, 10, 20
18, 10, 20
16, 12, 30
7, 8, 20
17, 9, 20
16, 9, 20
6, 7, 21
7, 7, 20
15, 8, 20
14, 8, 20
13, 8, 20
6, 6, 20
12, 7, 20
11, 7, 20
5, 5, 20
10, 6, 20
9, 6, 20
4, 4, 20
8, 5, 20
7, 5, 20
6, 4, 20
5, 4, 20
4, 3, 20
26, 16, 19
25, 16, 19
24, 16, 19
30, 16, 20
29, 16, 20
25, 13, 30
26, 13, 30
22, 15, 19
23, 16, 19
20, 14, 19
21, 15, 19
19, 14, 19
28, 14, 29
17, 13, 19
15, 12, 19
16, 13, 19
30, 15, 19
29, 15, 19
13, 11, 19
14, 12, 19
28, 14, 19
27, 14, 19
11, 10, 19
12, 11, 19
25, 13, 19
24, 13, 19
9, 9, 19
10, 10, 19
23, 12, 19
22, 12, 19
21, 11, 19
20, 11, 19
8, 9, 19
19, 10, 19
18, 10, 19
7, 8, 19
17, 9, 19
16, 9, 19
7, 7, 19
14, 8, 19
13, 8, 19
6, 6, 19
12, 7, 19
11, 7, 19
5, 5, 19
10, 6, 19
9, 6, 19
8, 5, 19
7, 5, 19
6, 4, 19
5, 4, 19
11, 7, 31
10, 6, 31
12, 7, 31
24, 16, 18
28, 16, 19
28, 15, 18
27, 16, 19
27, 15, 18
7, 6, 29
14, 8, 31
13, 7, 31
22, 15, 18
23, 16, 18
20, 14, 18
21, 15, 18
18, 14, 19
18, 13, 18
19, 14, 18
17, 13, 18
8, 7, 29
16, 9, 31
15, 8, 31
15, 12, 18
16, 13, 18
30, 15, 18
29, 15, 18
13, 11, 18
14, 12, 18
28, 14, 18
27, 14, 18
26, 13, 19
26, 14, 18
18, 10, 31
17, 9, 31
11, 10, 18
12, 11, 18
25, 13, 18
24, 13, 18
9, 9, 18
10, 10, 18
23, 12, 18
22, 12, 18
21, 11, 18
20, 11, 18
20, 11, 31
19, 10, 31
8, 9, 18
19, 10, 18
18, 10, 18
21, 11, 31
17, 9, 18
16, 9, 18
15, 8, 19
15, 9, 18
7, 7, 18
14, 8, 18
13, 8, 18
6, 6, 18
12, 7, 18
11, 7, 18
13, 11, 29
13, 10, 30
13, 9, 31
5, 5, 18
10, 6, 18
9, 6, 18
24, 12, 30
4, 4, 19
8, 5, 18
7, 5, 18
6, 4, 18
5, 4, 18
4, 3, 19
14, 12, 29
14, 11, 30
14, 10, 31
28, 15, 17
27, 15, 17
26, 16, 18
26, 15, 17
25, 16, 18
25, 15, 17
22, 15, 17
15, 12, 30
15, 11, 31
20, 14, 17
21, 15, 17
18, 13, 17
19, 14, 17
17, 13, 17
15, 12, 17
16, 13, 17
30, 15, 17
29, 15, 17
17, 13, 30
17, 12, 31
18, 13, 30
18, 12, 31
13, 11, 17
14, 12, 17
28, 14, 17
27, 14, 17
19, 13, 30
19, 12, 31
20, 13, 30
20, 12, 31
11, 10, 17
12, 11, 17
26, 13, 17
25, 13, 17
24, 13, 17
21, 13, 30
21, 12, 31
9, 9, 17
10, 10, 17
23, 12, 17
22, 12, 17
22, 13, 30
22, 12, 31
21, 11, 17
20, 11, 17
23, 13, 30
23, 12, 31
24, 13, 30
8, 9, 17
19, 10, 17
18, 10, 17
7, 8, 18
8, 8, 17
17, 9, 17
16, 9, 17
7, 7, 17
15, 8, 17
14, 8, 17
13, 8, 17
6, 6, 17
12, 7, 17
11, 7, 17
10, 6, 17
9, 6, 17
8, 5, 17
7, 5, 17
6, 4, 17
5, 4, 17
28, 15, 16
27, 15, 16
26, 15, 16
25, 15, 16
24, 16, 17
24, 15, 16
23, 16, 17
23, 15, 16
22, 15, 16
20, 14, 16
21, 15, 16
18, 13, 16
19, 14, 16
17, 13, 16
15, 12, 16
16, 13, 16
30, 15, 16
29, 15, 16
13, 11, 16
14, 12, 16
28, 14, 16
27, 14, 16
11, 10, 16
12, 11, 16
26, 13, 16
25, 13, 16
24, 13, 16
9, 9, 16
10, 10, 16
23, 12, 16
22, 12, 16
6, 4, 30
21, 11, 16
20, 11, 16
7, 5, 30
8, 9, 16
19, 10, 16
18, 10, 16
8, 8, 16
17, 9, 16
16, 9, 16
12, 7, 32
7, 7, 16
14, 8, 16
13, 8, 16
8, 6, 30
8, 5, 31
6, 6, 16
12, 7, 16
11, 7, 16
14, 8, 32
13, 7, 32
5, 5, 17
6, 5, 16
10, 6, 16
9, 6, 16
9, 7, 30
9, 6, 31
8, 5, 16
7, 5, 16
16, 9, 32
15, 8, 32
6, 4, 16
5, 4, 16
28, 15, 15
27, 15, 15
26, 15, 15
25, 15, 15
24, 15, 15
23, 15, 15
22, 15, 15
10, 7, 31
10, 6, 32
18, 10, 32
17, 9, 32
20, 14, 15
21, 15, 15
19, 14, 15
17, 13, 15
18, 14, 15
20, 11, 32
19, 10, 32
15, 12, 15
16, 13, 15
21, 11, 32
13, 11, 15
14, 12, 15
28, 14, 15
27, 14, 15
11, 10, 15
12, 11, 15
25, 13, 15
24, 13, 15
9, 9, 15
10, 10, 15
23, 12, 15
22, 12, 15
21, 11, 15
20, 11, 15
19, 10, 15
18, 10, 15
8, 8, 15
17, 9, 15
16, 9, 15
15, 8, 16
15, 9, 15
7, 7, 15
14, 8, 15
13, 8, 15
12, 7, 15
11, 7, 15
6, 5, 15
10, 6, 15
9, 6, 15
8, 5, 15
7, 5, 15
19, 12, 32
5, 4, 15
20, 12, 32
25, 15, 14
24, 15, 14
23, 15, 14
22, 15, 14
30, 15, 15
29, 15, 15
21, 12, 32
22, 12, 32
23, 12, 32
20, 14, 14
21, 15, 14
19, 14, 14
25, 13, 31
17, 13, 14
26, 13, 31
15, 12, 14
16, 13, 14
13, 11, 14
14, 12, 14
28, 14, 14
27, 14, 14
26, 13, 15
26, 14, 14
11, 10, 14
12, 11, 14
25, 13, 14
24, 13, 14
10, 10, 14
23, 12, 14
22, 12, 14
21, 11, 14
20, 11, 14
8, 9, 15
9, 9, 14
19, 10, 14
18, 10, 14
8, 8, 14
17, 9, 14
16, 9, 14
15, 9, 14
7, 7, 14
14, 8, 14
13, 8, 14
6, 6, 15
7, 6, 14
12, 7, 14
11, 7, 14
10, 6, 14
9, 6, 14
8, 5, 14
7, 5, 14
6, 4, 15
6, 5, 14
5, 4, 14
4, 3, 15
23, 15, 13
22, 15, 13
28, 15, 14
27, 15, 14
26, 15, 14
20, 14, 13
21, 15, 13
18, 14, 14
18, 13, 13
19, 14, 13
17, 13, 13
15, 12, 13
16, 13, 13
14, 8, 33
13, 7, 33
13, 11, 13
14, 12, 13
28, 14, 13
27, 14, 13
26, 14, 13
11, 10, 13
12, 11, 13
25, 13, 13
24, 13, 13
10, 10, 13
23, 12, 13
22, 12, 13
16, 9, 33
15, 8, 33
21, 11, 13
20, 11, 13
9, 9, 13
19, 10, 13
18, 10, 13
11, 8, 31
11, 7, 32
18, 10, 33
17, 9, 33
8, 8, 13
17, 9, 13
16, 9, 13
15, 9, 13
7, 7, 13
14, 8, 13
13, 8, 13
12, 9, 31
7, 6, 13
12, 7, 13
11, 7, 13
20, 11, 33
19, 10, 33
6, 5, 13
10, 6, 13
9, 6, 13
21, 11, 33
8, 5, 13
7, 5, 13
6, 4, 13
5, 4, 13
26, 14, 12
25, 15, 13
25, 14, 12
24, 15, 13
24, 14, 12
20, 14, 12
21, 15, 12
18, 13, 12
19, 14, 12
17, 13, 12
15, 12, 12
16, 13, 12
16, 12, 31
16, 11, 32
16, 10, 33
13, 11, 12
14, 12, 12
28, 14, 12
27, 14, 12
11, 10, 12
12, 11, 12
26, 13, 12
25, 13, 12
24, 13, 12
23, 12, 12
22, 12, 12
10, 10, 12
21, 11, 12
20, 11, 12
9, 9, 12
19, 10, 12
18, 10, 12
8, 8, 12
17, 9, 12
16, 9, 12
15, 9, 12
14, 8, 12
13, 8, 12
7, 6, 12
12, 7, 12
11, 7, 12
6, 5, 12
10, 6, 12
9, 6, 12
8, 5, 12
7, 5, 12
6, 4, 12
26, 14, 11
25, 14, 11
24, 14, 11
23, 15, 12
23, 14, 11
22, 15, 12
22, 14, 11
20, 14, 11
19, 14, 11
17, 13, 11
18, 14, 11
15, 12, 11
13, 11, 11
28, 14, 11
27, 14, 11
11, 10, 11
25, 13, 11
24, 13, 11
23, 12, 11
22, 12, 11
21, 11, 11
20, 11, 11
19, 10, 11
18, 10, 11
17, 9, 11
16, 9, 11
15, 9, 11
7, 7, 12
8, 7, 11
14, 8, 11
13, 8, 11
7, 6, 11
12, 7, 11
11, 7, 11
6, 5, 11
10, 6, 11
9, 6, 11
5, 4, 12
8, 5, 11
7, 5, 11
16, 9, 34
15, 8, 34
25, 14, 10
24, 14, 10
23, 14, 10
22, 14, 10
21, 15, 11
21, 14, 10
20, 14, 10
12, 8, 32
12, 7, 33
17, 9, 34
13, 9, 32
13, 8, 33
16, 13, 11
16, 12, 10
19, 10, 34
14, 12, 11
14, 11, 10
27, 14, 10
26, 13, 11
26, 14, 10
25, 13, 10
24, 13, 10
14, 10, 32
14, 9, 33
14, 8, 34
23, 12, 10
22, 12, 10
15, 11, 32
15, 10, 33
15, 9, 34
21, 11, 10
20, 11, 10
9, 9, 11
19, 10, 10
18, 10, 10
17, 12, 32
18, 12, 32
8, 8, 11
9, 8, 10
17, 9, 10
16, 9, 10
15, 9, 10
14, 8, 10
13, 8, 10
12, 7, 10
11, 7, 10
21, 12, 33
21, 11, 34
10, 6, 10
9, 6, 10
22, 12, 33
8, 5, 10
7, 5, 10
6, 4, 11
23, 12, 33
25, 14, 9
28, 14, 10
19, 14, 10
19, 13, 9
17, 13, 10
17, 12, 9
25, 13, 9
24, 13, 9
12, 11, 11
12, 10, 10
12, 9, 9
23, 12, 9
22, 12, 9
10, 6, 33
13, 7, 34
10, 10, 11
10, 9, 10
10, 8, 9
21, 11, 9
20, 11, 9
19, 10, 9
18, 10, 9
15, 8, 35
17, 9, 9
16, 9, 9
15, 9, 9
8, 7, 10
9, 7, 9
14, 8, 9
13, 8, 9
12, 7, 9
11, 7, 9
10, 6, 9
9, 6, 9
8, 5, 9
22, 11, 34
27, 14, 9
26, 14, 9
24, 14, 9
23, 14, 9
23, 13, 8
22, 14, 9
22, 13, 8
21, 14, 9
21, 13, 8
18, 14, 10
17, 11, 33
18, 11, 33
18, 10, 34
15, 12, 10
15, 11, 9
15, 10, 8
25, 13, 8
24, 13, 8
19, 12, 33
13, 11, 10
13, 10, 9
13, 9, 8
23, 12, 8
22, 12, 8
20, 12, 33
11, 10, 10
11, 9, 9
11, 8, 8
21, 11, 8
20, 11, 8
19, 10, 8
18, 10, 8
17, 9, 8
16, 9, 8
15, 9, 8
14, 8, 8
13, 8, 8
7, 6, 10
8, 6, 9
12, 7, 8
11, 7, 8
6, 5, 10
7, 5, 9
10, 6, 8
9, 6, 8
8, 5, 8
6, 4, 9
20, 14, 9
20, 13, 8
20, 12, 7
18, 13, 9
18, 12, 8
18, 11, 7
16, 12, 9
16, 11, 8
16, 10, 7
14, 11, 9
14, 10, 8
14, 9, 7
23, 12, 7
22, 12, 7
12, 9, 8
12, 8, 7
21, 11, 7
20, 11, 7
19, 10, 7
18, 10, 7
16, 10, 34
9, 8, 9
17, 9, 7
16, 9, 7
15, 9, 7
17, 10, 34
9, 7, 8
14, 8, 7
13, 8, 7
12, 7, 7
11, 7, 7
10, 6, 7
19, 11, 34
20, 11, 34
25, 14, 8
25, 13, 7
24, 13, 7
23, 13, 7
22, 13, 7
19, 13, 8
19, 12, 7
19, 11, 6
26, 13, 7
17, 12, 8
23, 12, 6
22, 12, 6
21, 11, 6
20, 11, 6
19, 10, 6
18, 10, 6
10, 8, 8
10, 7, 7
16, 9, 6
14, 8, 6
9, 6, 7
12, 7, 6
10, 6, 6
14, 8, 35
15, 9, 35
16, 9, 35
17, 9, 35
21, 13, 7
21, 12, 6
20, 12, 6
19, 10, 35
17, 11, 7
17, 10, 6
15, 10, 7
15, 9, 6
21, 11, 5
20, 11, 5
21, 11, 35
13, 9, 7
13, 8, 6
19, 10, 5
17, 9, 6
11, 8, 7
11, 7, 6
8, 5, 7
18, 11, 6
18, 10, 5
16, 10, 6
14, 9, 6
14, 8, 5
15, 8, 36
12, 8, 6
12, 7, 5
23, 12, 5
22, 12, 5
21, 11, 4
19, 11, 5
16, 9, 5
10, 6, 5
20, 11, 4
19, 10, 4
17, 9, 4
29, 15, 27
28, 15, 27
27, 15, 27
26, 15, 27
25, 15, 27
24, 15, 27
23, 15, 27
22, 15, 27
21, 15, 27
20, 15, 27
18, 14, 27
19, 15, 27
17, 14, 27
31, 15, 27
32, 15, 27
15, 13, 27
30, 14, 27
29, 14, 27
13, 12, 27
14, 13, 27
28, 13, 27
27, 13, 27
11, 11, 27
12, 12, 27
26, 12, 27
25, 12, 27
23, 11, 27
22, 11, 27
5, 3, 28
4, 2, 28
21, 10, 27
20, 10, 27
19, 9, 27
18, 9, 27
7, 4, 28
6, 3, 28
17, 8, 27
16, 8, 27
5, 4, 28
9, 5, 28
8, 4, 28
15, 7, 27
14, 7, 27
13, 7, 27
6, 6, 27
12, 6, 27
11, 6, 27
5, 5, 27
10, 5, 27
9, 5, 27
11, 6, 28
10, 5, 28
4, 4, 27
8, 4, 27
7, 4, 27
12, 6, 28
4, 3, 27
6, 3, 27
5, 3, 27
4, 2, 27
3, 2, 27
30, 16, 26
29, 16, 26
28, 16, 26
27, 16, 26
26, 16, 26
25, 16, 26
24, 16, 26
23, 16, 26
22, 16, 26
31, 16, 26
14, 7, 28
13, 6, 28
6, 7, 27
6, 6, 28
16, 8, 28
15, 7, 28
7, 8, 27
7, 7, 28
18, 9, 28
17, 8, 28
20, 15, 26
21, 16, 26
18, 14, 26
19, 15, 26
17, 14, 26
32, 15, 26
31, 15, 26
8, 9, 27
8, 8, 28
15, 13, 26
30, 14, 26
29, 14, 26
20, 10, 28
19, 9, 28
13, 12, 26
14, 13, 26
28, 13, 26
27, 13, 26
9, 10, 27
22, 11, 28
21, 10, 28
11, 11, 26
12, 12, 26
26, 12, 26
25, 12, 26
10, 11, 27
9, 10, 26
10, 11, 26
23, 11, 26
22, 11, 26
24, 11, 27
24, 12, 28
23, 11, 28
8, 10, 26
21, 10, 26
20, 10, 26
25, 12, 28
7, 9, 26
19, 9, 26
18, 9, 26
27, 13, 28
26, 12, 28
7, 8, 26
17, 8, 26
16, 8, 26
6, 7, 26
15, 7, 26
14, 7, 26
13, 7, 26
13, 12, 28
5, 6, 26
12, 6, 26
11, 6, 26
5, 5, 26
10, 5, 26
9, 5, 26
29, 14, 28
28, 13, 28
4, 4, 26
8, 4, 26
7, 4, 26
14, 13, 28
4, 3, 26
6, 3, 26
5, 3, 26
15, 13, 28
16, 14, 27
16, 13, 28
3, 2, 26
31, 16, 25
30, 16, 25
29, 16, 25
28, 16, 25
27, 16, 25
26, 16, 25
25, 16, 25
24, 16, 25
23, 16, 25
22, 16, 25
32, 16, 25
30, 14, 28
17, 14, 28
20, 15, 25
21, 16, 25
18, 14, 25
19, 15, 25
32, 15, 25
31, 15, 25
18, 14, 28
16, 14, 26
16, 13, 25
17, 14, 25
15, 13, 25
30, 14, 25
29, 14, 25
13, 12, 25
14, 13, 25
28, 13, 25
27, 13, 25
11, 11, 25
12, 12, 25
26, 12, 25
25, 12, 25
24, 11, 26
24, 12, 25
9, 10, 25
10, 11, 25
23, 11, 25
22, 11, 25
8, 10, 25
21, 10, 25
20, 10, 25
7, 9, 25
19, 9, 25
18, 9, 25
6, 8, 25
17, 8, 25
16, 8, 25
28, 15, 28
6, 7, 25
15, 7, 25
14, 7, 25
13, 7, 25
29, 15, 28
5, 6, 25
12, 6, 25
11, 6, 25
30, 16, 27
30, 15, 28
31, 15, 28
4, 5, 25
10, 5, 25
9, 5, 25
32, 15, 28
4, 4, 25
8, 4, 25
7, 4, 25
3, 3, 25
6, 3, 25
5, 3, 25
4, 2, 26
4, 3, 25
3, 2, 25
26, 17, 24
31, 16, 24
30, 16, 24
29, 16, 24
28, 16, 24
27, 17, 24
24, 16, 24
25, 17, 24
22, 16, 24
23, 17, 24
32, 16, 24
20, 15, 24
21, 16, 24
18, 14, 24
19, 15, 24
32, 15, 24
31, 15, 24
16, 13, 24
17, 14, 24
15, 13, 24
30, 14, 24
29, 14, 24
4, 3, 28
4, 2, 29
5, 3, 29
7, 4, 29
6, 3, 29
13, 12, 24
14, 13, 24
28, 13, 24
27, 13, 24
11, 11, 24
12, 12, 24
26, 12, 24
25, 12, 24
9, 5, 29
8, 4, 29
9, 10, 24
10, 11, 24
23, 11, 24
22, 11, 24
5, 5, 28
5, 4, 29
6, 5, 29
7, 9, 24
8, 10, 24
21, 10, 24
20, 10, 24
11, 6, 29
10, 5, 29
12, 6, 29
19, 9, 24
18, 9, 24
6, 8, 24
17, 8, 24
16, 8, 24
14, 7, 29
13, 6, 29
5, 7, 24
15, 7, 24
14, 7, 24
13, 7, 24
5, 6, 24
12, 6, 24
11, 6, 24
16, 8, 29
15, 7, 29
4, 5, 24
10, 5, 24
9, 5, 24
3, 4, 24
8, 4, 24
7, 4, 24
18, 9, 29
17, 8, 29
3, 3, 24
6, 3, 24
5, 3, 24
4, 2, 24
3, 2, 24
2, 2, 24
27, 17, 23
26, 17, 23
25, 17, 23
24, 17, 23
32, 16, 23
31, 16, 23
30, 16, 23
29, 16, 23
28, 17, 23
9, 9, 28
9, 8, 29
20, 10, 29
19, 9, 29
22, 16, 23
23, 17, 23
10, 10, 28
20, 15, 23
21, 16, 23
33, 16, 23
18, 14, 23
19, 15, 23
17, 14, 23
32, 15, 23
31, 15, 23
22, 11, 29
21, 10, 29
23, 11, 29
15, 13, 23
30, 14, 23
29, 14, 23
11, 11, 28
13, 12, 23
14, 13, 23
28, 13, 23
27, 13, 23
25, 12, 29
24, 11, 29
11, 11, 23
12, 12, 23
26, 12, 23
25, 12, 23
24, 11, 24
24, 12, 23
12, 12, 28
9, 10, 23
10, 11, 23
8, 10, 23
23, 11, 23
22, 11, 23
27, 13, 29
26, 12, 29
21, 10, 23
20, 10, 23
6, 9, 24
7, 9, 23
19, 9, 23
18, 9, 23
29, 14, 29
28, 13, 29
6, 8, 23
17, 8, 23
16, 8, 23
5, 7, 23
15, 7, 23
14, 7, 23
13, 7, 23
15, 13, 29
12, 6, 23
11, 6, 23
16, 13, 29
4, 5, 23
10, 5, 23
9, 5, 23
30, 14, 29
3, 4, 23
8, 4, 23
7, 4, 23
17, 14, 29
3, 3, 23
6, 3, 23
5, 3, 23
18, 14, 29
19, 15, 28
19, 14, 29
3, 2, 23
2, 2, 23
20, 15, 28
20, 14, 29
1, 1, 23
28, 17, 22
27, 17, 22
26, 17, 22
25, 17, 22
24, 17, 22
32, 16, 22
31, 16, 22
30, 16, 22
29, 17, 22
21, 15, 28
21, 14, 29
22, 15, 28
22, 14, 29
22, 16, 22
23, 17, 22
23, 15, 28
23, 14, 29
24, 15, 28
24, 14, 29
20, 15, 22
21, 16, 22
33, 16, 22
25, 15, 28
25, 14, 29
18, 14, 22
19, 15, 22
32, 15, 22
31, 15, 22
26, 15, 28
26, 14, 29
16, 14, 23
16, 13, 22
17, 14, 22
15, 13, 22
30, 14, 22
29, 14, 22
27, 15, 28
27, 14, 29
13, 12, 22
14, 13, 22
28, 13, 22
27, 13, 22
11, 11, 22
12, 12, 22
26, 12, 22
25, 12, 22
24, 12, 22
9, 10, 22
10, 11, 22
23, 11, 22
22, 11, 22
7, 10, 23
8, 10, 22
21, 10, 22
20, 10, 22
7, 9, 22
19, 9, 22
18, 9, 22
6, 8, 22
17, 8, 22
16, 8, 22
5, 7, 22
15, 7, 22
14, 7, 22
13, 7, 22
4, 6, 23
5, 6, 22
12, 6, 22
11, 6, 22
4, 5, 22
10, 5, 22
9, 5, 22
3, 4, 22
8, 4, 22
7, 4, 22
6, 3, 22
5, 3, 22
4, 2, 23
4, 3, 22
3, 2, 22
2, 2, 22
1, 1, 22
28, 17, 21
27, 17, 21
26, 17, 21
25, 17, 21
24, 17, 21
32, 16, 21
31, 16, 21
30, 16, 21
29, 17, 21
4, 2, 30
5, 3, 30
7, 4, 30
6, 3, 30
22, 16, 21
23, 17, 21
20, 15, 21
21, 16, 21
34, 16, 21
33, 16, 21
18, 14, 21
19, 15, 21
32, 15, 21
31, 15, 21
9, 5, 30
8, 4, 30
16, 13, 21
17, 14, 21
15, 13, 21
30, 14, 21
29, 14, 21
13, 12, 21
14, 13, 21
28, 13, 21
27, 13, 21
11, 6, 30
10, 5, 30
12, 6, 30
11, 11, 21
12, 12, 21
26, 12, 21
25, 12, 21
9, 10, 21
10, 11, 21
8, 10, 21
23, 11, 21
22, 11, 21
6, 6, 29
14, 7, 30
13, 6, 30
21, 10, 21
20, 10, 21
7, 9, 21
19, 9, 21
18, 9, 21
7, 7, 29
16, 8, 30
15, 7, 30
6, 8, 21
17, 8, 21
16, 8, 21
8, 8, 29
15, 7, 21
14, 7, 21
13, 7, 21
5, 6, 21
12, 6, 21
11, 6, 21
18, 9, 30
17, 8, 30
4, 5, 21
10, 5, 21
9, 5, 21
10, 9, 29
10, 8, 30
3, 4, 21
8, 4, 21
7, 4, 21
20, 10, 30
19, 9, 30
2, 3, 22
3, 3, 21
6, 3, 21
5, 3, 21
4, 3, 21
3, 2, 21
2, 2, 21
1, 1, 21
28, 17, 20
27, 17, 20
26, 17, 20
25, 17, 20
24, 17, 20
32, 16, 20
31, 16, 20
11, 10, 29
11, 9, 30
22, 11, 30
21, 10, 30
22, 16, 20
23, 17, 20
23, 11, 30
20, 15, 20
21, 16, 20
34, 16, 20
33, 16, 20
18, 14, 20
19, 15, 20
17, 14, 20
32, 15, 20
31, 15, 20
12, 11, 29
12, 10, 30
25, 12, 30
15, 13, 20
16, 14, 20
30, 14, 20
29, 14, 20
13, 12, 29
13, 12, 20
14, 13, 20
28, 13, 20
27, 13, 20
27, 13, 30
26, 12, 30
11, 11, 20
12, 12, 20
26, 12, 20
25, 12, 20
24, 11, 21
24, 12, 20
14, 13, 29
9, 10, 20
10, 11, 20
23, 11, 20
22, 11, 20
28, 13, 30
7, 10, 21
8, 10, 20
21, 10, 20
20, 10, 20
7, 9, 20
19, 9, 20
18, 9, 20
16, 13, 30
6, 8, 20
17, 8, 20
16, 8, 20
5, 7, 21
6, 7, 20
15, 7, 20
14, 7, 20
13, 7, 20
5, 6, 20
12, 6, 20
11, 6, 20
4, 5, 20
10, 5, 20
9, 5, 20
3, 4, 20
8, 4, 20
7, 4, 20
3, 3, 20
6, 3, 20
5, 3, 20
4, 2, 20
3, 2, 20
2, 2, 20
1, 1, 20
26, 17, 19
25, 17, 19
24, 17, 19
32, 16, 19
31, 16, 19
30, 17, 20
30, 16, 19
29, 17, 20
29, 16, 19
25, 14, 30
26, 14, 30
22, 16, 19
23, 17, 19
27, 14, 30
20, 15, 19
21, 16, 19
19, 15, 19
34, 16, 19
33, 16, 19
28, 15, 29
28, 14, 30
17, 14, 19
32, 15, 19
31, 15, 19
29, 15, 29
29, 14, 30
30, 15, 29
30, 14, 30
15, 13, 19
16, 14, 19
30, 14, 19
29, 14, 19
31, 15, 29
32, 15, 29
13, 12, 19
14, 13, 19
28, 13, 19
27, 13, 19
11, 11, 19
12, 12, 19
25, 12, 19
24, 12, 19
9, 10, 19
10, 11, 19
23, 11, 19
22, 11, 19
8, 10, 19
21, 10, 19
20, 10, 19
7, 9, 19
19, 9, 19
18, 9, 19
6, 8, 19
17, 8, 19
16, 8, 19
6, 7, 19
14, 7, 19
13, 7, 19
7, 4, 31
6, 3, 31
5, 6, 19
12, 6, 19
11, 6, 19
5, 4, 30
5, 3, 31
4, 5, 19
10, 5, 19
9, 5, 19
9, 5, 31
8, 4, 31
8, 4, 19
7, 4, 19
6, 5, 30
3, 3, 19
6, 3, 19
5, 3, 19
11, 6, 31
10, 5, 31
12, 6, 31
3, 2, 19
2, 2, 19
24, 17, 18
32, 16, 18
31, 16, 18
30, 16, 18
29, 16, 18
28, 17, 19
28, 16, 18
27, 17, 19
27, 16, 18
7, 6, 30
14, 7, 31
13, 6, 31
22, 16, 18
23, 17, 18
20, 15, 18
21, 16, 18
34, 16, 18
33, 16, 18
18, 15, 19
18, 14, 18
19, 15, 18
17, 14, 18
32, 15, 18
31, 15, 18
8, 7, 30
16, 8, 31
15, 7, 31
15, 13, 18
16, 14, 18
30, 14, 18
29, 14, 18
9, 8, 30
13, 12, 18
14, 13, 18
28, 13, 18
27, 13, 18
26, 12, 19
26, 13, 18
18, 9, 31
17, 8, 31
11, 11, 18
12, 12, 18
25, 12, 18
24, 12, 18
9, 10, 18
10, 11, 18
23, 11, 18
22, 11, 18
8, 10, 18
21, 10, 18
20, 10, 18
20, 10, 31
19, 9, 31
7, 9, 18
19, 9, 18
18, 9, 18
22, 11, 31
21, 10, 31
17, 8, 18
16, 8, 18
15, 7, 19
15, 8, 18
6, 7, 18
14, 7, 18
13, 7, 18
5, 6, 18
12, 6, 18
11, 6, 18
13, 11, 30
13, 10, 31
4, 5, 18
10, 5, 18
9, 5, 18
24, 11, 30
24, 12, 31
23, 11, 31
3, 4, 19
4, 4, 18
8, 4, 18
7, 4, 18
25, 12, 31
3, 3, 18
6, 3, 18
5, 3, 18
4, 2, 19
4, 3, 18
14, 12, 30
14, 11, 31
3, 2, 18
2, 2, 18
1, 1, 19
32, 16, 17
31, 16, 17
30, 16, 17
29, 16, 17
28, 16, 17
27, 16, 17
26, 17, 18
26, 16, 17
25, 17, 18
25, 16, 17
27, 13, 31
26, 12, 31
22, 16, 17
15, 13, 30
15, 12, 31
20, 15, 17
21, 16, 17
28, 13, 31
18, 14, 17
19, 15, 17
17, 14, 17
32, 15, 17
31, 15, 17
15, 13, 17
16, 14, 17
30, 14, 17
29, 14, 17
17, 14, 30
17, 13, 31
18, 14, 30
18, 13, 31
13, 12, 17
14, 13, 17
28, 13, 17
27, 13, 17
19, 14, 30
19, 13, 31
20, 14, 30
20, 13, 31
11, 11, 17
12, 12, 17
26, 12, 17
25, 12, 17
24, 12, 17
21, 14, 30
21, 13, 31
9, 10, 17
10, 11, 17
23, 11, 17
22, 11, 17
22, 14, 30
22, 13, 31
8, 10, 17
21, 10, 17
20, 10, 17
23, 14, 30
23, 13, 31
24, 14, 30
24, 13, 31
7, 9, 17
19, 9, 17
18, 9, 17
6, 8, 18
7, 8, 17
17, 8, 17
16, 8, 17
6, 7, 17
15, 7, 17
14, 7, 17
13, 7, 17
5, 6, 17
12, 6, 17
11, 6, 17
10, 5, 17
9, 5, 17
4, 4, 17
8, 4, 17
7, 4, 17
3, 3, 17
6, 3, 17
5, 3, 17
4, 3, 17
3, 2, 17
30, 16, 16
29, 16, 16
28, 16, 16
27, 16, 16
26, 16, 16
25, 16, 16
24, 17, 17
24, 16, 16
23, 17, 17
23, 16, 16
22, 16, 16
34, 16, 17
33, 16, 17
20, 15, 16
21, 16, 16
4, 2, 31
18, 14, 16
19, 15, 16
17, 14, 16
32, 15, 16
31, 15, 16
15, 13, 16
16, 14, 16
30, 14, 16
29, 14, 16
13, 12, 16
14, 13, 16
28, 13, 16
27, 13, 16
11, 11, 16
12, 12, 16
26, 12, 16
25, 12, 16
24, 12, 16
9, 10, 16
10, 11, 16
23, 11, 16
22, 11, 16
6, 4, 31
6, 3, 32
9, 5, 32
8, 4, 32
8, 10, 16
21, 10, 16
20, 10, 16
7, 5, 31
7, 4, 32
7, 9, 16
19, 9, 16
18, 9, 16
11, 6, 32
10, 5, 32
7, 8, 16
17, 8, 16
16, 8, 16
12, 6, 32
6, 7, 16
14, 7, 16
13, 7, 16
8, 6, 31
8, 5, 32
5, 6, 16
12, 6, 16
11, 6, 16
14, 7, 32
13, 6, 32
4, 5, 17
5, 5, 16
10, 5, 16
9, 5, 16
9, 7, 31
9, 6, 32
4, 4, 16
8, 4, 16
7, 4, 16
16, 8, 32
15, 7, 32
3, 3, 16
6, 3, 16
5, 3, 16
4, 3, 16
2, 2, 17
3, 2, 16
28, 16, 15
27, 16, 15
26, 16, 15
25, 16, 15
24, 16, 15
23, 16, 15
22, 16, 15
32, 16, 16
31, 16, 16
10, 8, 31
10, 7, 32
18, 9, 32
17, 8, 32
20, 15, 15
21, 16, 15
19, 15, 15
11, 9, 31
17, 14, 15
18, 15, 15
32, 15, 15
31, 15, 15
20, 10, 32
19, 9, 32
15, 13, 15
16, 14, 15
30, 14, 15
29, 14, 15
12, 10, 31
22, 11, 32
21, 10, 32
13, 12, 15
14, 13, 15
28, 13, 15
27, 13, 15
11, 11, 15
12, 12, 15
25, 12, 15
24, 12, 15
9, 10, 15
10, 11, 15
23, 11, 15
22, 11, 15
24, 12, 32
23, 11, 32
25, 12, 32
8, 10, 15
21, 10, 15
20, 10, 15
19, 9, 15
18, 9, 15
26, 12, 32
7, 8, 15
17, 8, 15
16, 8, 15
15, 7, 16
15, 8, 15
6, 7, 15
14, 7, 15
13, 7, 15
16, 13, 31
12, 6, 15
11, 6, 15
5, 5, 15
10, 5, 15
9, 5, 15
4, 4, 15
8, 4, 15
7, 4, 15
19, 13, 32
5, 3, 15
20, 13, 32
3, 2, 15
25, 16, 14
24, 16, 14
23, 16, 14
22, 16, 14
30, 16, 15
30, 15, 14
29, 16, 15
29, 15, 14
21, 13, 32
22, 13, 32
23, 13, 32
20, 15, 14
21, 16, 14
19, 15, 14
24, 13, 32
25, 14, 31
25, 13, 32
17, 14, 14
32, 15, 14
31, 15, 14
26, 14, 31
26, 13, 32
27, 14, 31
27, 13, 32
15, 13, 14
16, 14, 14
30, 14, 14
29, 14, 14
28, 14, 31
28, 13, 32
29, 14, 31
13, 12, 14
14, 13, 14
28, 13, 14
27, 13, 14
26, 12, 15
26, 13, 14
30, 14, 31
11, 11, 14
12, 12, 14
25, 12, 14
24, 12, 14
9, 10, 14
10, 11, 14
23, 11, 14
22, 11, 14
8, 10, 14
21, 10, 14
20, 10, 14
7, 9, 15
8, 9, 14
19, 9, 14
18, 9, 14
5, 3, 32
7, 8, 14
17, 8, 14
16, 8, 14
15, 8, 14
6, 7, 14
14, 7, 14
13, 7, 14
5, 6, 15
6, 6, 14
12, 6, 14
11, 6, 14
5, 5, 14
10, 5, 14
9, 5, 14
9, 5, 33
8, 4, 33
4, 4, 14
8, 4, 14
7, 4, 14
6, 3, 15
6, 4, 14
3, 3, 15
5, 3, 14
4, 2, 15
4, 3, 14
3, 2, 14
23, 16, 13
22, 16, 13
30, 15, 13
29, 15, 13
28, 16, 14
28, 15, 13
27, 16, 14
27, 15, 13
26, 16, 14
26, 15, 13
11, 6, 33
10, 5, 33
20, 15, 13
21, 16, 13
12, 6, 33
18, 15, 14
18, 14, 13
19, 15, 13
17, 14, 13
32, 15, 13
31, 15, 13
15, 13, 13
16, 14, 13
30, 14, 13
29, 14, 13
14, 7, 33
13, 6, 33
13, 12, 13
14, 13, 13
28, 13, 13
27, 13, 13
26, 13, 13
11, 11, 13
12, 12, 13
25, 12, 13
24, 12, 13
9, 10, 13
10, 11, 13
23, 11, 13
22, 11, 13
16, 8, 33
15, 7, 33
21, 10, 13
20, 10, 13
8, 9, 13
19, 9, 13
18, 9, 13
11, 8, 32
11, 7, 33
18, 9, 33
17, 8, 33
7, 8, 13
17, 8, 13
16, 8, 13
15, 8, 13
6, 7, 13
14, 7, 13
13, 7, 13
12, 9, 32
6, 6, 13
12, 6, 13
11, 6, 13
20, 10, 33
19, 9, 33
5, 5, 13
10, 5, 13
9, 5, 13
13, 10, 32
22, 11, 33
21, 10, 33
4, 4, 13
8, 4, 13
7, 4, 13
6, 3, 13
5, 3, 13
4, 3, 13
3, 2, 13
30, 15, 12
29, 15, 12
28, 15, 12
27, 15, 12
26, 15, 12
25, 16, 13
25, 15, 12
24, 16, 13
24, 15, 12
14, 11, 32
24, 12, 33
23, 11, 33
20, 15, 12
21, 16, 12
25, 12, 33
18, 14, 12
19, 15, 12
17, 14, 12
32, 15, 12
31, 15, 12
15, 12, 32
15, 13, 12
16, 14, 12
30, 14, 12
29, 14, 12
16, 12, 32
16, 11, 33
26, 12, 33
13, 12, 12
14, 13, 12
28, 13, 12
27, 13, 12
11, 11, 12
12, 12, 12
26, 12, 12
25, 12, 12
24, 12, 12
10, 11, 12
23, 11, 12
22, 11, 12
17, 13, 32
8, 10, 13
9, 10, 12
21, 10, 12
20, 10, 12
18, 13, 32
8, 9, 12
19, 9, 12
18, 9, 12
7, 8, 12
17, 8, 12
16, 8, 12
15, 8, 12
14, 7, 12
13, 7, 12
6, 6, 12
12, 6, 12
11, 6, 12
5, 5, 12
10, 5, 12
9, 5, 12
8, 4, 12
7, 4, 12
6, 3, 12
5, 3, 12
4, 3, 12
3, 2, 12
30, 15, 11
29, 15, 11
28, 15, 11
27, 15, 11
26, 15, 11
25, 15, 11
24, 15, 11
23, 16, 12
23, 15, 11
22, 16, 12
22, 15, 11
20, 15, 11
19, 15, 11
17, 14, 11
18, 15, 11
15, 13, 11
30, 14, 11
29, 14, 11
13, 12, 11
28, 13, 11
27, 13, 11
6, 3, 33
11, 11, 11
25, 12, 11
24, 12, 11
23, 11, 11
22, 11, 11
7, 4, 33
9, 10, 11
21, 10, 11
20, 10, 11
8, 5, 33
19, 9, 11
18, 9, 11
11, 6, 34
10, 5, 34
12, 6, 34
17, 8, 11
16, 8, 11
15, 8, 11
6, 7, 12
7, 7, 11
14, 7, 11
13, 7, 11
6, 6, 11
12, 6, 11
11, 6, 11
9, 6, 33
14, 7, 34
5, 5, 11
10, 5, 11
9, 5, 11
4, 4, 12
5, 4, 11
8, 4, 11
7, 4, 11
10, 7, 33
5, 3, 11
4, 3, 11
16, 8, 34
15, 7, 34
3, 2, 11
27, 15, 10
26, 15, 10
25, 15, 10
24, 15, 10
23, 15, 10
22, 15, 10
21, 16, 11
21, 15, 10
20, 15, 10
32, 15, 11
31, 15, 11
12, 8, 33
12, 7, 34
18, 9, 34
17, 8, 34
13, 9, 33
13, 8, 34
16, 14, 11
16, 13, 10
30, 14, 10
29, 14, 10
20, 10, 34
19, 9, 34
21, 10, 34
14, 13, 11
14, 12, 10
28, 13, 10
27, 13, 10
26, 12, 11
26, 13, 10
12, 12, 11
25, 12, 10
24, 12, 10
14, 10, 33
14, 9, 34
23, 11, 34
10, 11, 11
23, 11, 10
22, 11, 10
15, 11, 33
15, 10, 34
24, 11, 34
21, 10, 10
20, 10, 10
8, 9, 11
9, 9, 10
19, 9, 10
18, 9, 10
17, 12, 33
18, 12, 33
7, 8, 11
8, 8, 10
17, 8, 10
16, 8, 10
15, 8, 10
14, 7, 10
13, 7, 10
19, 13, 33
12, 6, 10
11, 6, 10
20, 13, 33
21, 13, 33
21, 12, 34
10, 5, 10
9, 5, 10
22, 13, 33
22, 12, 34
5, 4, 10
8, 4, 10
7, 4, 10
6, 3, 11
6, 4, 10
23, 13, 33
23, 12, 34
5, 3, 10
4, 3, 10
24, 13, 33
24, 12, 34
25, 15, 9
30, 15, 10
29, 15, 10
28, 15, 10
28, 14, 9
25, 13, 33
25, 12, 34
26, 13, 33
26, 12, 34
27, 13, 33
28, 13, 33
19, 15, 10
19, 14, 9
18, 15, 10
17, 14, 10
17, 13, 9
30, 14, 9
29, 14, 9
8, 4, 34
15, 13, 10
27, 13, 9
26, 13, 9
9, 5, 34
13, 12, 10
25, 12, 9
24, 12, 9
12, 11, 10
12, 10, 9
11, 11, 10
23, 11, 9
22, 11, 9
10, 6, 34
13, 6, 34
13, 7, 35
12, 6, 35
10, 10, 10
10, 9, 9
9, 10, 10
21, 10, 9
20, 10, 9
14, 7, 35
19, 9, 9
18, 9, 9
11, 7, 34
16, 8, 35
15, 7, 35
17, 8, 9
16, 8, 9
15, 8, 9
7, 7, 10
8, 7, 9
14, 7, 9
13, 7, 9
18, 9, 35
17, 8, 35
6, 6, 10
12, 6, 9
11, 6, 9
5, 5, 10
10, 5, 9
9, 5, 9
20, 10, 35
19, 9, 35
8, 4, 9
7, 4, 9
22, 10, 34
22, 11, 35
21, 10, 35
5, 3, 9
3, 2, 10
27, 15, 9
27, 14, 8
26, 15, 9
26, 14, 8
23, 11, 35
24, 15, 9
24, 14, 8
23, 15, 9
23, 14, 8
22, 15, 9
22, 14, 8
21, 15, 9
21, 14, 8
20, 15, 9
16, 11, 34
18, 14, 9
30, 14, 8
29, 14, 8
28, 13, 9
28, 14, 8
17, 11, 34
18, 11, 34
18, 10, 35
16, 13, 9
27, 13, 8
26, 13, 8
24, 11, 35
15, 12, 9
15, 11, 8
14, 12, 9
25, 12, 8
24, 12, 8
19, 12, 34
13, 11, 9
13, 10, 8
23, 11, 8
22, 11, 8
20, 12, 34
11, 10, 9
11, 9, 8
21, 10, 8
20, 10, 8
9, 9, 9
19, 9, 8
18, 9, 8
8, 8, 9
17, 8, 8
16, 8, 8
15, 8, 8
14, 7, 8
13, 7, 8
7, 6, 9
8, 6, 8
12, 6, 8
11, 6, 8
6, 5, 9
7, 5, 8
10, 5, 8
9, 5, 8
5, 4, 9
8, 4, 8
7, 4, 8
6, 3, 9
6, 4, 8
4, 3, 9
25, 15, 8
10, 5, 35
20, 14, 8
20, 13, 7
19, 14, 8
30, 14, 7
29, 14, 7
11, 6, 35
18, 13, 8
18, 12, 7
17, 13, 8
27, 13, 7
14, 7, 36
13, 6, 36
12, 7, 35
16, 12, 8
16, 11, 7
25, 12, 7
24, 12, 7
16, 8, 36
15, 7, 36
13, 8, 35
14, 11, 8
14, 10, 7
23, 11, 7
22, 11, 7
18, 9, 36
17, 8, 36
14, 9, 35
12, 10, 8
12, 9, 7
21, 10, 7
20, 10, 7
19, 9, 36
10, 9, 8
19, 9, 7
18, 9, 7
15, 10, 35
16, 10, 35
9, 8, 8
17, 8, 7
16, 8, 7
15, 8, 7
17, 10, 35
8, 7, 8
9, 7, 7
14, 7, 7
13, 7, 7
21, 10, 36
12, 6, 7
11, 6, 7
10, 5, 7
9, 5, 7
19, 11, 35
8, 4, 7
7, 4, 7
5, 3, 8
20, 11, 35
20, 10, 36
28, 14, 7
27, 14, 7
26, 14, 7
25, 14, 7
25, 13, 6
24, 14, 7
24, 13, 6
23, 14, 7
23, 13, 6
22, 14, 7
22, 13, 6
21, 14, 7
21, 12, 35
22, 12, 35
19, 13, 7
19, 12, 6
27, 13, 6
26, 12, 7
26, 13, 6
23, 12, 35
23, 11, 36
24, 12, 35
17, 12, 7
25, 12, 6
24, 12, 6
25, 12, 35
26, 12, 35
15, 11, 7
23, 11, 6
22, 11, 6
13, 10, 7
21, 10, 6
20, 10, 6
11, 9, 7
19, 9, 6
18, 9, 6
10, 8, 7
10, 7, 6
16, 8, 6
15, 8, 6
14, 7, 6
13, 7, 6
12, 6, 36
8, 6, 7
9, 6, 6
12, 6, 6
11, 6, 6
7, 5, 7
10, 5, 6
9, 5, 6
13, 7, 36
15, 7, 37
6, 4, 7
8, 4, 6
30, 14, 6
29, 14, 6
28, 13, 6
14, 8, 36
14, 7, 37
15, 9, 36
16, 9, 36
17, 9, 36
17, 8, 37
21, 13, 6
21, 12, 5
20, 13, 6
20, 12, 5
18, 12, 6
25, 12, 5
24, 12, 5
18, 10, 36
19, 10, 36
17, 11, 6
17, 10, 5
16, 11, 6
23, 11, 5
22, 11, 5
15, 10, 6
15, 9, 5
14, 10, 6
21, 10, 5
20, 10, 5
21, 11, 36
13, 9, 6
13, 8, 5
12, 9, 6
19, 9, 5
18, 9, 5
17, 8, 6
17, 9, 5
22, 11, 36
11, 8, 6
11, 7, 5
16, 8, 5
15, 8, 5
24, 11, 36
9, 7, 6
14, 7, 5
13, 7, 5
12, 6, 5
11, 6, 5
8, 5, 6
10, 5, 5
9, 5, 5
7, 4, 6
8, 4, 5
6, 3, 6
27, 13, 5
26, 13, 5
25, 13, 5
24, 13, 5
23, 13, 5
22, 13, 5
19, 12, 5
25, 12, 4
13, 6, 37
18, 11, 5
18, 10, 4
23, 11, 4
22, 11, 4
16, 10, 5
21, 10, 4
20, 10, 4
14, 9, 5
14, 8, 4
19, 9, 4
18, 9, 4
15, 8, 37
16, 8, 37
12, 8, 5
12, 7, 4
17, 8, 4
16, 8, 4
15, 8, 4
10, 7, 5
14, 7, 4
13, 7, 4
9, 6, 5
12, 6, 4
11, 6, 4
18, 9, 37
19, 9, 37
10, 5, 4
24, 12, 4
23, 12, 4
22, 12, 4
21, 12, 4
21, 11, 3
20, 12, 4
20, 10, 37
19, 11, 4
23, 11, 3
22, 11, 3
21, 10, 37
17, 10, 4
21, 10, 3
20, 10, 3
23, 11, 37
16, 9, 4
15, 9, 4
19, 9, 3
18, 9, 3
13, 8, 4
16, 8, 3
11, 7, 4
14, 7, 3
10, 6, 4
12, 6, 3
9, 5, 4
8, 4, 4
25, 12, 3
14, 7, 38
15, 7, 38
20, 11, 3
17, 8, 38
19, 10, 3
18, 10, 3
21, 10, 2
17, 9, 3
19, 9, 2
17, 8, 3
15, 8, 3
14, 8, 3
13, 7, 3
12, 7, 3
11, 6, 3
10, 5, 3
23, 11, 2
22, 11, 2
21, 11, 2
20, 10, 2
18, 9, 2
16, 8, 2
14, 7, 2
12, 6, 2
21, 10, 1
19, 9, 1
29, 16, 27
28, 16, 27
27, 16, 27
26, 16, 27
25, 16, 27
24, 16, 27
23, 16, 27
22, 16, 27
21, 16, 27
20, 16, 27
19, 16, 27
35, 15, 27
34, 15, 27
33, 15, 27
31, 16, 27
18, 15, 27
17, 15, 27
16, 15, 27
32, 14, 27
31, 14, 27
32, 16, 27
33, 16, 27
15, 14, 27
14, 14, 27
30, 13, 27
29, 13, 27
34, 16, 27
35, 16, 27
13, 13, 27
12, 13, 27
28, 12, 27
27, 12, 27
30, 17, 27
2, 1, 28
11, 12, 27
10, 12, 27
26, 11, 27
25, 11, 27
3, 1, 28
4, 1, 28
3, 2, 28
9, 11, 27
24, 10, 27
23, 10, 27
22, 10, 27
5, 2, 28
8, 10, 27
21, 9, 27
20, 9, 27
6, 2, 28
3, 3, 28
7, 9, 27
19, 8, 27
18, 8, 27
7, 3, 28
8, 3, 28
6, 8, 27
17, 7, 27
16, 7, 27
4, 4, 28
9, 4, 28
5, 7, 27
15, 6, 27
14, 6, 27
13, 6, 27
5, 6, 27
12, 5, 27
11, 5, 27
10, 4, 28
4, 5, 27
10, 4, 27
9, 4, 27
4, 5, 28
11, 5, 28
3, 4, 27
8, 3, 27
7, 3, 27
12, 5, 28
3, 3, 27
6, 2, 27
5, 2, 27
13, 5, 28
5, 6, 28
2, 2, 27
4, 1, 27
3, 1, 27
2, 1, 27
31, 17, 26
30, 17, 26
29, 17, 26
28, 17, 26
27, 17, 26
26, 17, 26
25, 17, 26
24, 17, 26
23, 17, 26
22, 17, 26
21, 17, 26
35, 16, 26
34, 16, 26
33, 16, 26
32, 16, 26
14, 6, 28
15, 6, 28
6, 7, 28
16, 7, 28
17, 7, 28
7, 8, 28
18, 8, 28
20, 16, 26
19, 16, 26
35, 15, 26
34, 15, 26
33, 15, 26
18, 15, 26
17, 15, 26
16, 15, 26
32, 14, 26
31, 14, 26
19, 8, 28
8, 9, 28
15, 14, 26
14, 14, 26
30, 13, 26
29, 13, 26
20, 9, 28
21, 9, 28
13, 13, 26
12, 13, 26
28, 12, 26
27, 12, 26
9, 10, 28
22, 10, 28
11, 12, 26
10, 12, 26
26, 11, 26
25, 11, 26
23, 10, 28
10, 11, 28
9, 11, 26
8, 11, 26
24, 10, 26
23, 10, 26
22, 10, 26
24, 11, 28
7, 10, 26
21, 9, 26
20, 9, 26
25, 11, 28
26, 11, 28
11, 12, 28
6, 9, 26
19, 8, 26
18, 8, 26
27, 12, 28
28, 12, 28
6, 8, 26
17, 7, 26
16, 7, 26
12, 13, 28
5, 7, 26
15, 6, 26
14, 6, 26
13, 6, 26
13, 13, 28
4, 6, 26
12, 5, 26
11, 5, 26
4, 5, 26
10, 4, 26
9, 4, 26
29, 13, 28
30, 13, 28
3, 4, 26
8, 3, 26
7, 3, 26
14, 14, 28
3, 3, 26
6, 2, 26
5, 2, 26
15, 14, 28
16, 14, 28
2, 2, 26
4, 1, 26
3, 1, 26
2, 1, 26
1, 1, 26
1, 0, 26
32, 17, 25
31, 17, 25
30, 17, 25
29, 17, 25
28, 17, 25
27, 17, 25
26, 17, 25
25, 17, 25
24, 17, 25
23, 17, 25
22, 17, 25
21, 17, 25
35, 16, 25
34, 16, 25
33, 16, 25
31, 14, 28
32, 14, 28
17, 15, 28
20, 16, 25
19, 16, 25
35, 15, 25
34, 15, 25
33, 15, 25
18, 15, 25
17, 15, 25
32, 14, 25
31, 14, 25
18, 15, 28
16, 14, 25
15, 14, 25
14, 14, 25
30, 13, 25
29, 13, 25
33, 15, 28
34, 15, 28
13, 13, 25
12, 13, 25
28, 12, 25
27, 12, 25
19, 16, 28
20, 16, 28
11, 12, 25
10, 12, 25
26, 11, 25
25, 11, 25
24, 11, 25
21, 16, 28
9, 11, 25
8, 11, 25
23, 10, 25
22, 10, 25
22, 16, 28
23, 16, 28
7, 10, 25
21, 9, 25
20, 9, 25
24, 16, 28
25, 16, 28
6, 9, 25
19, 8, 25
18, 8, 25
26, 16, 28
27, 16, 28
5, 8, 25
17, 7, 25
16, 7, 25
28, 16, 28
5, 7, 25
15, 6, 25
14, 6, 25
13, 6, 25
29, 16, 28
4, 6, 25
12, 5, 25
11, 5, 25
30, 16, 28
31, 16, 28
3, 5, 25
10, 4, 25
9, 4, 25
32, 16, 28
3, 4, 25
8, 3, 25
7, 3, 25
33, 16, 28
34, 16, 28
2, 3, 25
6, 2, 25
5, 2, 25
4, 2, 25
2, 2, 25
3, 1, 25
2, 1, 25
1, 1, 25
1, 0, 25
27, 18, 24
26, 18, 24
25, 18, 24
23, 18, 24
32, 17, 24
31, 17, 24
30, 17, 24
29, 17, 24
28, 17, 24
2, 1, 29
3, 1, 29
4, 1, 29
24, 17, 24
3, 2, 29
22, 17, 24
21, 17, 24
35, 16, 24
34, 16, 24
33, 16, 24
5, 2, 29
20, 16, 24
19, 16, 24
34, 15, 24
33, 15, 24
18, 15, 24
17, 15, 24
32, 14, 24
31, 14, 24
6, 2, 29
16, 14, 24
15, 14, 24
14, 14, 24
30, 13, 24
29, 13, 24
4, 3, 29
7, 3, 29
13, 13, 24
12, 13, 24
28, 12, 24
27, 12, 24
8, 3, 29
4, 4, 29
11, 12, 24
10, 12, 24
26, 11, 24
25, 11, 24
9, 4, 29
10, 4, 29
9, 11, 24
8, 11, 24
24, 10, 24
23, 10, 24
22, 10, 24
5, 5, 29
7, 10, 24
6, 10, 24
21, 9, 24
20, 9, 24
11, 5, 29
12, 5, 29
5, 9, 24
19, 8, 24
18, 8, 24
13, 5, 29
5, 6, 29
5, 8, 24
17, 7, 24
16, 7, 24
14, 6, 29
15, 6, 29
4, 7, 24
15, 6, 24
14, 6, 24
13, 6, 24
4, 6, 24
12, 5, 24
11, 5, 24
6, 7, 29
16, 7, 29
3, 5, 24
10, 4, 24
9, 4, 24
17, 7, 29
7, 8, 29
2, 4, 24
8, 3, 24
7, 3, 24
18, 8, 29
2, 3, 24
6, 2, 24
5, 2, 24
19, 8, 29
8, 9, 29
1, 2, 24
4, 1, 24
3, 1, 24
2, 1, 24
1, 1, 24
1, 0, 24
0, 0, 24
28, 18, 23
27, 18, 23
26, 18, 23
25, 18, 23
24, 18, 23
23, 18, 23
33, 17, 23
32, 17, 23
31, 17, 23
30, 17, 23
29, 17, 23
9, 9, 29
20, 9, 29
22, 17, 23
21, 17, 23
35, 16, 23
34, 16, 23
21, 9, 29
10, 10, 29
20, 16, 23
19, 16, 23
34, 15, 23
33, 15, 23
18, 15, 23
17, 15, 23
16, 15, 23
32, 14, 23
31, 14, 23
22, 10, 29
23, 10, 29
15, 14, 23
14, 14, 23
30, 13, 23
29, 13, 23
24, 10, 29
11, 11, 29
13, 13, 23
12, 13, 23
28, 12, 23
27, 12, 23
25, 11, 29
26, 11, 29
11, 12, 23
10, 12, 23
26, 11, 23
25, 11, 23
24, 11, 23
12, 12, 29
9, 11, 23
8, 11, 23
7, 11, 23
23, 10, 23
22, 10, 23
27, 12, 29
28, 12, 29
6, 10, 23
21, 9, 23
20, 9, 23
13, 13, 29
6, 9, 23
19, 8, 23
18, 8, 23
29, 13, 29
5, 8, 23
17, 7, 23
16, 7, 23
30, 13, 29
14, 14, 29
4, 7, 23
15, 6, 23
14, 6, 23
13, 6, 23
15, 14, 29
3, 6, 23
12, 5, 23
11, 5, 23
16, 14, 29
3, 5, 23
10, 4, 23
9, 4, 23
31, 14, 29
32, 14, 29
2, 4, 23
8, 3, 23
7, 3, 23
17, 15, 29
2, 3, 23
6, 2, 23
5, 2, 23
18, 15, 29
19, 15, 29
1, 2, 23
4, 1, 23
3, 1, 23
2, 1, 23
20, 15, 29
0, 1, 23
1, 0, 23
0, 0, 23
29, 18, 22
28, 18, 22
27, 18, 22
26, 18, 22
25, 18, 22
24, 18, 22
23, 18, 22
33, 17, 22
32, 17, 22
31, 17, 22
30, 17, 22
21, 15, 29
22, 15, 29
22, 17, 22
21, 17, 22
36, 16, 22
35, 16, 22
34, 16, 22
23, 15, 29
24, 15, 29
20, 16, 22
19, 16, 22
34, 15, 22
33, 15, 22
25, 15, 29
18, 15, 22
17, 15, 22
32, 14, 22
31, 14, 22
26, 15, 29
16, 14, 22
15, 14, 22
14, 14, 22
30, 13, 22
29, 13, 22
27, 15, 29
33, 15, 29
13, 13, 22
12, 13, 22
28, 12, 22
27, 12, 22
34, 15, 29
28, 16, 29
11, 12, 22
10, 12, 22
26, 11, 22
25, 11, 22
24, 11, 22
29, 16, 29
9, 11, 22
8, 11, 22
23, 10, 22
22, 10, 22
7, 10, 22
6, 10, 22
21, 9, 22
20, 9, 22
30, 16, 29
6, 9, 22
19, 8, 22
18, 8, 22
31, 16, 29
5, 8, 22
17, 7, 22
16, 7, 22
32, 16, 29
33, 16, 29
4, 7, 22
15, 6, 22
14, 6, 22
13, 6, 22
4, 6, 22
12, 5, 22
11, 5, 22
34, 16, 29
3, 5, 22
10, 4, 22
9, 4, 22
3, 1, 30
4, 1, 30
2, 4, 22
8, 3, 22
7, 3, 22
3, 2, 30
5, 2, 30
1, 3, 22
6, 2, 22
5, 2, 22
4, 2, 22
1, 2, 22
3, 1, 22
2, 1, 22
6, 2, 30
0, 1, 22
1, 0, 22
0, 0, 22
29, 18, 21
28, 18, 21
27, 18, 21
26, 18, 21
25, 18, 21
24, 18, 21
23, 18, 21
34, 17, 21
33, 17, 21
32, 17, 21
31, 17, 21
30, 17, 21
4, 3, 30
7, 3, 30
22, 17, 21
21, 17, 21
36, 16, 21
35, 16, 21
8, 3, 30
20, 16, 21
19, 16, 21
34, 15, 21
33, 15, 21
4, 4, 30
18, 15, 21
17, 15, 21
32, 14, 21
31, 14, 21
9, 4, 30
16, 14, 21
15, 14, 21
14, 14, 21
30, 13, 21
29, 13, 21
10, 4, 30
5, 5, 30
13, 13, 21
12, 13, 21
28, 12, 21
27, 12, 21
11, 5, 30
12, 5, 30
11, 12, 21
10, 12, 21
26, 11, 21
25, 11, 21
13, 5, 30
9, 11, 21
8, 11, 21
7, 11, 21
24, 10, 21
23, 10, 21
22, 10, 21
6, 6, 30
14, 6, 30
6, 10, 21
21, 9, 21
20, 9, 21
15, 6, 30
6, 9, 21
19, 8, 21
18, 8, 21
7, 7, 30
16, 7, 30
5, 8, 21
17, 7, 21
16, 7, 21
17, 7, 30
8, 8, 30
4, 7, 21
15, 6, 21
14, 6, 21
13, 6, 21
4, 6, 21
12, 5, 21
11, 5, 21
18, 8, 30
19, 8, 30
3, 5, 21
10, 4, 21
9, 4, 21
9, 9, 30
10, 9, 30
2, 4, 21
8, 3, 21
7, 3, 21
20, 9, 30
2, 3, 21
6, 2, 21
5, 2, 21
4, 2, 21
1, 2, 21
3, 1, 21
2, 1, 21
21, 9, 30
0, 1, 21
1, 0, 21
0, 0, 21
30, 18, 20
29, 18, 20
28, 18, 20
27, 18, 20
26, 18, 20
25, 18, 20
24, 18, 20
23, 18, 20
35, 17, 20
34, 17, 20
33, 17, 20
32, 17, 20
31, 17, 20
11, 10, 30
22, 10, 30
22, 17, 20
21, 17, 20
36, 16, 20
35, 16, 20
23, 10, 30
20, 16, 20
19, 16, 20
34, 15, 20
33, 15, 20
24, 10, 30
18, 15, 20
17, 15, 20
16, 15, 20
32, 14, 20
31, 14, 20
12, 11, 30
25, 11, 30
15, 14, 20
14, 14, 20
30, 13, 20
29, 13, 20
26, 11, 30
13, 12, 30
13, 13, 20
12, 13, 20
28, 12, 20
27, 12, 20
27, 12, 30
28, 12, 30
11, 12, 20
10, 12, 20
26, 11, 20
25, 11, 20
24, 11, 20
14, 13, 30
9, 11, 20
8, 11, 20
7, 11, 20
23, 10, 20
22, 10, 20
29, 13, 30
7, 10, 20
21, 9, 20
20, 9, 20
30, 13, 30
6, 9, 20
19, 8, 20
18, 8, 20
15, 14, 30
16, 14, 30
5, 8, 20
17, 7, 20
16, 7, 20
31, 14, 30
5, 7, 20
15, 6, 20
14, 6, 20
13, 6, 20
4, 6, 20
12, 5, 20
11, 5, 20
32, 14, 30
17, 15, 30
3, 5, 20
10, 4, 20
9, 4, 20
18, 15, 30
19, 15, 30
2, 4, 20
8, 3, 20
7, 3, 20
20, 15, 30
2, 3, 20
6, 2, 20
5, 2, 20
21, 15, 30
22, 15, 30
1, 2, 20
4, 1, 20
3, 1, 20
2, 1, 20
23, 15, 30
0, 1, 20
1, 0, 20
0, 0, 20
28, 18, 19
27, 18, 19
26, 18, 19
25, 18, 19
24, 18, 19
23, 18, 19
35, 17, 19
34, 17, 19
33, 17, 19
32, 17, 19
31, 17, 19
30, 17, 19
29, 17, 19
24, 15, 30
25, 15, 30
26, 15, 30
22, 17, 19
21, 17, 19
36, 16, 19
35, 16, 19
27, 15, 30
20, 16, 19
19, 16, 19
18, 16, 19
34, 15, 19
33, 15, 19
28, 15, 30
17, 15, 19
16, 15, 19
32, 14, 19
31, 14, 19
29, 15, 30
30, 15, 30
15, 14, 19
14, 14, 19
30, 13, 19
29, 13, 19
31, 15, 30
32, 15, 30
13, 13, 19
12, 13, 19
28, 12, 19
27, 12, 19
33, 15, 30
34, 15, 30
11, 12, 19
10, 12, 19
26, 11, 19
25, 11, 19
24, 11, 19
9, 11, 19
8, 11, 19
23, 10, 19
22, 10, 19
3, 1, 31
7, 10, 19
21, 9, 19
20, 9, 19
4, 1, 31
3, 2, 31
6, 9, 19
19, 8, 19
18, 8, 19
5, 2, 31
6, 2, 31
5, 8, 19
17, 7, 19
16, 7, 19
4, 3, 31
5, 7, 19
15, 6, 19
14, 6, 19
13, 6, 19
7, 3, 31
4, 6, 19
12, 5, 19
11, 5, 19
8, 3, 31
5, 4, 31
3, 5, 19
10, 4, 19
9, 4, 19
9, 4, 31
10, 4, 31
2, 4, 19
8, 3, 19
7, 3, 19
6, 5, 31
2, 3, 19
6, 2, 19
5, 2, 19
11, 5, 31
12, 5, 31
1, 2, 19
4, 1, 19
3, 1, 19
2, 1, 19
13, 5, 31
0, 1, 19
1, 0, 19
0, 0, 19
26, 18, 18
25, 18, 18
24, 18, 18
23, 18, 18
36, 17, 18
35, 17, 18
34, 17, 18
33, 17, 18
32, 17, 18
31, 17, 18
30, 17, 18
29, 17, 18
28, 17, 18
27, 17, 18
7, 6, 31
14, 6, 31
22, 17, 18
21, 17, 18
36, 16, 18
35, 16, 18
20, 16, 18
19, 16, 18
34, 15, 18
33, 15, 18
15, 6, 31
18, 15, 18
17, 15, 18
16, 15, 18
32, 14, 18
31, 14, 18
8, 7, 31
16, 7, 31
15, 14, 18
14, 14, 18
30, 13, 18
29, 13, 18
17, 7, 31
9, 8, 31
13, 13, 18
12, 13, 18
28, 12, 18
27, 12, 18
26, 12, 18
18, 8, 31
11, 12, 18
10, 12, 18
25, 11, 18
24, 11, 18
19, 8, 31
9, 11, 18
8, 11, 18
7, 11, 18
23, 10, 18
22, 10, 18
10, 9, 31
7, 10, 18
21, 9, 18
20, 9, 18
20, 9, 31
21, 9, 31
6, 9, 18
19, 8, 18
18, 8, 18
11, 10, 31
22, 10, 31
5, 8, 18
17, 7, 18
16, 7, 18
15, 7, 18
5, 7, 18
14, 6, 18
13, 6, 18
23, 10, 31
4, 6, 18
12, 5, 18
11, 5, 18
12, 11, 31
13, 11, 31
3, 5, 18
10, 4, 18
9, 4, 18
24, 11, 31
3, 4, 18
8, 3, 18
7, 3, 18
25, 11, 31
26, 11, 31
2, 3, 18
6, 2, 18
5, 2, 18
4, 2, 18
14, 12, 31
1, 2, 18
3, 1, 18
2, 1, 18
1, 1, 18
1, 0, 18
0, 0, 18
24, 18, 17
23, 18, 17
36, 17, 17
35, 17, 17
34, 17, 17
33, 17, 17
32, 17, 17
31, 17, 17
30, 17, 17
29, 17, 17
28, 17, 17
27, 17, 17
26, 17, 17
25, 17, 17
27, 12, 31
28, 12, 31
22, 17, 17
21, 17, 17
36, 16, 17
35, 16, 17
15, 13, 31
20, 16, 17
19, 16, 17
34, 15, 17
33, 15, 17
29, 13, 31
18, 15, 17
17, 15, 17
16, 15, 17
32, 14, 17
31, 14, 17
30, 13, 31
16, 14, 31
15, 14, 17
14, 14, 17
30, 13, 17
29, 13, 17
17, 14, 31
18, 14, 31
13, 13, 17
12, 13, 17
28, 12, 17
27, 12, 17
19, 14, 31
20, 14, 31
11, 12, 17
10, 12, 17
26, 11, 17
25, 11, 17
24, 11, 17
21, 14, 31
9, 11, 17
8, 11, 17
23, 10, 17
22, 10, 17
22, 14, 31
7, 10, 17
21, 9, 17
20, 9, 17
23, 14, 31
24, 14, 31
6, 9, 17
19, 8, 17
18, 8, 17
31, 14, 31
6, 8, 17
17, 7, 17
16, 7, 17
32, 14, 31
5, 7, 17
15, 6, 17
14, 6, 17
13, 6, 17
25, 15, 31
26, 15, 31
4, 6, 17
12, 5, 17
11, 5, 17
27, 15, 31
28, 15, 31
3, 5, 17
10, 4, 17
9, 4, 17
29, 15, 31
3, 4, 17
8, 3, 17
7, 3, 17
30, 15, 31
31, 15, 31
2, 3, 17
6, 2, 17
5, 2, 17
4, 2, 17
32, 15, 31
1, 2, 17
3, 1, 17
2, 1, 17
1, 1, 17
1, 0, 17
0, 0, 17
32, 17, 16
31, 17, 16
30, 17, 16
29, 17, 16
28, 17, 16
27, 17, 16
26, 17, 16
25, 17, 16
24, 17, 16
23, 17, 16
22, 17, 16
21, 17, 16
36, 16, 16
35, 16, 16
34, 16, 16
33, 16, 16
33, 15, 31
4, 1, 32
20, 16, 16
19, 16, 16
34, 15, 16
33, 15, 16
4, 2, 32
18, 15, 16
17, 15, 16
16, 15, 16
32, 14, 16
31, 14, 16
5, 2, 32
6, 2, 32
15, 14, 16
14, 14, 16
30, 13, 16
29, 13, 16
4, 3, 32
7, 3, 32
13, 13, 16
12, 13, 16
28, 12, 16
27, 12, 16
8, 3, 32
5, 4, 32
11, 12, 16
10, 12, 16
26, 11, 16
25, 11, 16
24, 11, 16
9, 11, 16
8, 11, 16
23, 10, 16
22, 10, 16
6, 4, 32
9, 4, 32
7, 10, 16
21, 9, 16
20, 9, 16
10, 4, 32
7, 5, 32
6, 9, 16
19, 8, 16
18, 8, 16
11, 5, 32
6, 8, 16
17, 7, 16
16, 7, 16
12, 5, 32
13, 5, 32
5, 7, 16
15, 6, 16
14, 6, 16
13, 6, 16
7, 6, 32
8, 6, 32
4, 6, 16
12, 5, 16
11, 5, 16
14, 6, 32
4, 5, 16
10, 4, 16
9, 4, 16
15, 6, 32
9, 7, 32
3, 4, 16
8, 3, 16
7, 3, 16
16, 7, 32
17, 7, 32
2, 3, 16
6, 2, 16
5, 2, 16
4, 2, 16
2, 2, 16
3, 1, 16
2, 1, 16
1, 1, 16
1, 0, 16
0, 0, 16
30, 17, 15
29, 17, 15
28, 17, 15
27, 17, 15
26, 17, 15
25, 17, 15
24, 17, 15
23, 17, 15
22, 17, 15
21, 17, 15
36, 16, 15
35, 16, 15
34, 16, 15
33, 16, 15
32, 16, 15
31, 16, 15
10, 8, 32
18, 8, 32
19, 8, 32
20, 16, 15
19, 16, 15
18, 16, 15
34, 15, 15
33, 15, 15
11, 9, 32
17, 15, 15
16, 15, 15
32, 14, 15
31, 14, 15
20, 9, 32
21, 9, 32
15, 14, 15
14, 14, 15
30, 13, 15
29, 13, 15
12, 10, 32
22, 10, 32
13, 13, 15
12, 13, 15
28, 12, 15
27, 12, 15
23, 10, 32
13, 11, 32
11, 12, 15
10, 12, 15
26, 11, 15
25, 11, 15
24, 11, 15
9, 11, 15
8, 11, 15
23, 10, 15
22, 10, 15
24, 11, 32
25, 11, 32
7, 10, 15
21, 9, 15
20, 9, 15
26, 11, 32
14, 12, 32
6, 9, 15
19, 8, 15
18, 8, 15
27, 12, 32
6, 8, 15
17, 7, 15
16, 7, 15
15, 7, 15
28, 12, 32
5, 7, 15
14, 6, 15
13, 6, 15
15, 13, 32
16, 13, 32
4, 6, 15
12, 5, 15
11, 5, 15
29, 13, 32
4, 5, 15
10, 4, 15
9, 4, 15
30, 13, 32
17, 14, 32
3, 4, 15
8, 3, 15
7, 3, 15
18, 14, 32
19, 14, 32
2, 3, 15
6, 2, 15
5, 2, 15
20, 14, 32
2, 2, 15
4, 1, 15
3, 1, 15
2, 1, 15
1, 1, 15
1, 0, 15
28, 17, 14
27, 17, 14
26, 17, 14
25, 17, 14
24, 17, 14
23, 17, 14
22, 17, 14
21, 17, 14
35, 16, 14
34, 16, 14
33, 16, 14
32, 16, 14
31, 16, 14
30, 16, 14
29, 16, 14
21, 14, 32
22, 14, 32
23, 14, 32
20, 16, 14
19, 16, 14
18, 16, 14
34, 15, 14
33, 15, 14
24, 14, 32
25, 14, 32
17, 15, 14
16, 15, 14
32, 14, 14
31, 14, 14
26, 14, 32
27, 14, 32
15, 14, 14
14, 14, 14
30, 13, 14
29, 13, 14
28, 14, 32
29, 14, 32
13, 13, 14
12, 13, 14
28, 12, 14
27, 12, 14
26, 12, 14
30, 14, 32
11, 12, 14
10, 12, 14
25, 11, 14
24, 11, 14
31, 14, 32
9, 11, 14
8, 11, 14
23, 10, 14
22, 10, 14
32, 14, 32
4, 2, 33
7, 10, 14
21, 9, 14
20, 9, 14
5, 2, 33
7, 9, 14
19, 8, 14
18, 8, 14
6, 2, 33
5, 3, 33
6, 8, 14
17, 7, 14
16, 7, 14
15, 7, 14
7, 3, 33
5, 7, 14
14, 6, 14
13, 6, 14
8, 3, 33
5, 6, 14
12, 5, 14
11, 5, 14
6, 4, 33
4, 5, 14
10, 4, 14
9, 4, 14
9, 4, 33
10, 4, 33
3, 4, 14
8, 3, 14
7, 3, 14
6, 3, 14
3, 3, 14
5, 2, 14
4, 2, 14
2, 2, 14
3, 1, 14
2, 1, 14
1, 1, 14
1, 0, 14
25, 17, 13
24, 17, 13
23, 17, 13
22, 17, 13
21, 17, 13
35, 16, 13
34, 16, 13
33, 16, 13
32, 16, 13
31, 16, 13
30, 16, 13
29, 16, 13
28, 16, 13
27, 16, 13
26, 16, 13
7, 5, 33
11, 5, 33
20, 16, 13
19, 16, 13
34, 15, 13
33, 15, 13
12, 5, 33
18, 15, 13
17, 15, 13
16, 15, 13
32, 14, 13
31, 14, 13
13, 5, 33
8, 6, 33
15, 14, 13
14, 14, 13
30, 13, 13
29, 13, 13
14, 6, 33
15, 6, 33
13, 13, 13
12, 13, 13
28, 12, 13
27, 12, 13
26, 12, 13
11, 12, 13
10, 12, 13
25, 11, 13
24, 11, 13
9, 7, 33
9, 11, 13
8, 11, 13
23, 10, 13
22, 10, 13
16, 7, 33
17, 7, 33
7, 10, 13
21, 9, 13
20, 9, 13
10, 8, 33
7, 9, 13
19, 8, 13
18, 8, 13
11, 8, 33
18, 8, 33
6, 8, 13
17, 7, 13
16, 7, 13
15, 7, 13
19, 8, 33
5, 7, 13
14, 6, 13
13, 6, 13
12, 9, 33
5, 6, 13
12, 5, 13
11, 5, 13
20, 9, 33
21, 9, 33
4, 5, 13
10, 4, 13
9, 4, 13
13, 10, 33
22, 10, 33
3, 4, 13
8, 3, 13
7, 3, 13
23, 10, 33
3, 3, 13
6, 2, 13
5, 2, 13
4, 2, 13
2, 2, 13
3, 1, 13
2, 1, 13
1, 1, 13
1, 0, 13
23, 17, 12
22, 17, 12
21, 17, 12
35, 16, 12
34, 16, 12
33, 16, 12
32, 16, 12
31, 16, 12
30, 16, 12
29, 16, 12
28, 16, 12
27, 16, 12
26, 16, 12
25, 16, 12
24, 16, 12
14, 11, 33
24, 11, 33
20, 16, 12
19, 16, 12
34, 15, 12
33, 15, 12
25, 11, 33
18, 15, 12
17, 15, 12
16, 15, 12
32, 14, 12
31, 14, 12
26, 11, 33
15, 12, 33
15, 14, 12
14, 14, 12
30, 13, 12
29, 13, 12
16, 12, 33
27, 12, 33
13, 13, 12
12, 13, 12
28, 12, 12
27, 12, 12
28, 12, 33
11, 12, 12
10, 12, 12
26, 11, 12
25, 11, 12
24, 11, 12
9, 11, 12
8, 11, 12
23, 10, 12
22, 10, 12
17, 13, 33
8, 10, 12
21, 9, 12
20, 9, 12
18, 13, 33
7, 9, 12
19, 8, 12
18, 8, 12
29, 13, 33
30, 13, 33
6, 8, 12
17, 7, 12
16, 7, 12
15, 7, 12
19, 14, 33
5, 7, 12
14, 6, 12
13, 6, 12
20, 14, 33
5, 6, 12
12, 5, 12
11, 5, 12
21, 14, 33
22, 14, 33
4, 5, 12
10, 4, 12
9, 4, 12
23, 14, 33
24, 14, 33
3, 4, 12
8, 3, 12
7, 3, 12
25, 14, 33
3, 3, 12
6, 2, 12
5, 2, 12
4, 2, 12
26, 14, 33
2, 2, 12
3, 1, 12
2, 1, 12
1, 1, 12
1, 0, 12
21, 17, 11
32, 16, 11
31, 16, 11
30, 16, 11
29, 16, 11
28, 16, 11
27, 16, 11
26, 16, 11
25, 16, 11
24, 16, 11
23, 16, 11
22, 16, 11
27, 14, 33
20, 16, 11
19, 16, 11
18, 16, 11
34, 15, 11
33, 15, 11
28, 14, 33
29, 14, 33
17, 15, 11
16, 15, 11
32, 14, 11
31, 14, 11
30, 14, 33
31, 14, 33
15, 14, 11
14, 14, 11
30, 13, 11
29, 13, 11
5, 2, 34
6, 2, 34
13, 13, 11
12, 13, 11
28, 12, 11
27, 12, 11
6, 3, 34
7, 3, 34
11, 12, 11
10, 12, 11
26, 11, 11
25, 11, 11
24, 11, 11
8, 3, 34
9, 11, 11
8, 11, 11
23, 10, 11
22, 10, 11
7, 4, 34
9, 4, 34
8, 10, 11
21, 9, 11
20, 9, 11
10, 4, 34
8, 5, 34
7, 9, 11
19, 8, 11
18, 8, 11
11, 5, 34
12, 5, 34
6, 8, 11
17, 7, 11
16, 7, 11
15, 7, 11
6, 7, 11
14, 6, 11
13, 6, 11
13, 5, 34
5, 6, 11
12, 5, 11
11, 5, 11
9, 6, 34
14, 6, 34
4, 5, 11
10, 4, 11
9, 4, 11
15, 6, 34
4, 4, 11
8, 3, 11
7, 3, 11
10, 7, 34
3, 3, 11
6, 2, 11
5, 2, 11
4, 2, 11
16, 7, 34
2, 2, 11
3, 1, 11
2, 1, 11
1, 1, 11
30, 16, 10
29, 16, 10
28, 16, 10
27, 16, 10
26, 16, 10
25, 16, 10
24, 16, 10
23, 16, 10
22, 16, 10
21, 16, 10
20, 16, 10
19, 16, 10
18, 16, 10
34, 15, 10
33, 15, 10
32, 15, 10
31, 15, 10
17, 7, 34
11, 8, 34
12, 8, 34
18, 8, 34
17, 15, 10
32, 14, 10
31, 14, 10
19, 8, 34
13, 9, 34
16, 14, 10
15, 14, 10
30, 13, 10
29, 13, 10
20, 9, 34
21, 9, 34
14, 13, 10
13, 13, 10
28, 12, 10
27, 12, 10
26, 12, 10
22, 9, 34
12, 12, 10
11, 12, 10
25, 11, 10
24, 11, 10
14, 10, 34
23, 10, 34
24, 10, 34
10, 11, 10
9, 11, 10
23, 10, 10
22, 10, 10
15, 11, 34
25, 11, 34
26, 11, 34
8, 10, 10
21, 9, 10
20, 9, 10
16, 12, 34
8, 9, 10
19, 8, 10
18, 8, 10
17, 12, 34
18, 12, 34
7, 8, 10
17, 7, 10
16, 7, 10
15, 7, 10
27, 12, 34
6, 7, 10
14, 6, 10
13, 6, 10
28, 12, 34
19, 13, 34
5, 6, 10
12, 5, 10
11, 5, 10
20, 13, 34
21, 13, 34
4, 5, 10
10, 4, 10
9, 4, 10
22, 13, 34
4, 4, 10
8, 3, 10
7, 3, 10
6, 3, 10
23, 13, 34
3, 3, 10
5, 2, 10
4, 2, 10
24, 13, 34
2, 2, 10
3, 1, 10
2, 1, 10
27, 16, 9
26, 16, 9
25, 16, 9
24, 16, 9
23, 16, 9
22, 16, 9
21, 16, 9
20, 16, 9
33, 15, 9
32, 15, 9
31, 15, 9
30, 15, 9
29, 15, 9
28, 15, 9
25, 13, 34
26, 13, 34
27, 13, 34
28, 13, 34
29, 13, 34
19, 15, 9
18, 15, 9
32, 14, 9
31, 14, 9
30, 13, 34
6, 3, 35
7, 3, 35
17, 14, 9
16, 14, 9
30, 13, 9
29, 13, 9
8, 3, 35
8, 4, 35
9, 4, 35
15, 13, 9
14, 13, 9
28, 12, 9
27, 12, 9
26, 12, 9
10, 4, 35
9, 5, 35
13, 12, 9
25, 11, 9
24, 11, 9
11, 5, 35
12, 5, 35
12, 11, 9
11, 11, 9
23, 10, 9
22, 10, 9
10, 6, 35
13, 6, 35
10, 10, 9
9, 10, 9
21, 9, 9
20, 9, 9
14, 6, 35
15, 6, 35
8, 9, 9
19, 8, 9
18, 8, 9
11, 7, 35
16, 7, 35
7, 8, 9
17, 7, 9
16, 7, 9
15, 7, 9
17, 7, 35
7, 7, 9
14, 6, 9
13, 6, 9
12, 8, 35
18, 8, 35
6, 6, 9
12, 5, 9
11, 5, 9
19, 8, 35
13, 9, 35
5, 5, 9
10, 4, 9
9, 4, 9
20, 9, 35
21, 9, 35
4, 4, 9
8, 3, 9
7, 3, 9
14, 10, 35
22, 10, 35
3, 3, 9
6, 2, 9
5, 2, 9
4, 2, 9
3, 2, 9
3, 1, 9
2, 1, 9
25, 16, 8
33, 15, 8
32, 15, 8
31, 15, 8
30, 15, 8
29, 15, 8
28, 15, 8
27, 15, 8
26, 15, 8
23, 10, 35
24, 15, 8
23, 15, 8
22, 15, 8
21, 15, 8
20, 15, 8
19, 15, 8
32, 14, 8
31, 14, 8
24, 10, 35
15, 11, 35
16, 11, 35
18, 14, 8
17, 14, 8
30, 13, 8
29, 13, 8
28, 13, 8
17, 11, 35
18, 11, 35
16, 13, 8
27, 12, 8
26, 12, 8
25, 11, 35
15, 12, 8
14, 12, 8
25, 11, 8
24, 11, 8
26, 11, 35
19, 12, 35
13, 11, 8
12, 11, 8
23, 10, 8
22, 10, 8
20, 12, 35
27, 12, 35
11, 10, 8
10, 10, 8
21, 9, 8
20, 9, 8
28, 12, 35
21, 13, 35
9, 9, 8
19, 8, 8
18, 8, 8
22, 13, 35
23, 13, 35
8, 8, 8
17, 7, 8
16, 7, 8
15, 7, 8
24, 13, 35
25, 13, 35
7, 7, 8
14, 6, 8
13, 6, 8
26, 13, 35
7, 6, 8
12, 5, 8
11, 5, 8
27, 13, 35
6, 5, 8
10, 4, 8
9, 4, 8
28, 13, 35
29, 13, 35
5, 4, 8
8, 3, 8
7, 3, 8
6, 3, 8
8, 3, 36
4, 3, 8
5, 2, 8
4, 2, 8
3, 2, 8
3, 1, 8
32, 15, 7
31, 15, 7
30, 15, 7
29, 15, 7
28, 15, 7
27, 15, 7
26, 15, 7
25, 15, 7
24, 15, 7
23, 15, 7
22, 15, 7
21, 15, 7
32, 14, 7
31, 14, 7
8, 4, 36
9, 4, 36
10, 4, 36
10, 5, 36
11, 5, 36
12, 5, 36
13, 5, 36
20, 14, 7
19, 14, 7
30, 13, 7
29, 13, 7
28, 13, 7
11, 6, 36
18, 13, 7
17, 13, 7
27, 12, 7
14, 6, 36
15, 6, 36
12, 7, 36
16, 12, 7
15, 12, 7
26, 11, 7
25, 11, 7
24, 11, 7
16, 7, 36
17, 7, 36
13, 8, 36
14, 11, 7
13, 11, 7
23, 10, 7
22, 10, 7
18, 8, 36
19, 8, 36
14, 9, 36
12, 10, 7
11, 10, 7
21, 9, 7
20, 9, 7
20, 9, 36
21, 9, 36
10, 9, 7
9, 9, 7
19, 8, 7
18, 8, 7
15, 10, 36
16, 10, 36
9, 8, 7
17, 7, 7
16, 7, 7
15, 7, 7
17, 10, 36
8, 7, 7
14, 6, 7
13, 6, 7
22, 10, 36
23, 10, 36
7, 6, 7
12, 5, 7
11, 5, 7
24, 10, 36
17, 11, 36
6, 5, 7
10, 4, 7
9, 4, 7
18, 11, 36
19, 11, 36
5, 4, 7
8, 3, 7
7, 3, 7
6, 3, 7
5, 3, 7
5, 2, 7
4, 2, 7
31, 15, 6
30, 15, 6
29, 15, 6
32, 14, 6
31, 14, 6
20, 11, 36
25, 11, 36
28, 14, 6
27, 14, 6
26, 14, 6
25, 14, 6
24, 14, 6
23, 14, 6
22, 14, 6
21, 14, 6
20, 14, 6
30, 13, 6
29, 13, 6
26, 11, 36
21, 12, 36
22, 12, 36
19, 13, 6
18, 13, 6
28, 12, 6
27, 12, 6
26, 12, 6
23, 12, 36
24, 12, 36
17, 12, 6
16, 12, 6
25, 11, 6
24, 11, 6
25, 12, 36
26, 12, 36
15, 11, 6
14, 11, 6
23, 10, 6
22, 10, 6
27, 12, 36
28, 12, 36
27, 13, 36
13, 10, 6
12, 10, 6
21, 9, 6
20, 9, 6
28, 13, 36
9, 4, 37
10, 4, 37
11, 9, 6
19, 8, 6
18, 8, 6
10, 5, 37
11, 5, 37
10, 8, 6
9, 8, 6
17, 7, 6
16, 7, 6
15, 7, 6
12, 5, 37
13, 5, 37
8, 7, 6
14, 6, 6
13, 6, 6
11, 6, 37
12, 6, 37
8, 6, 6
12, 5, 6
11, 5, 6
14, 6, 37
15, 6, 37
7, 5, 6
10, 4, 6
9, 4, 6
13, 7, 37
16, 7, 37
6, 4, 6
8, 3, 6
7, 3, 6
17, 7, 37
5, 3, 6
6, 2, 6
5, 2, 6
31, 14, 5
30, 14, 5
29, 14, 5
28, 14, 5
27, 14, 5
26, 14, 5
25, 14, 5
24, 14, 5
23, 14, 5
22, 14, 5
30, 13, 5
29, 13, 5
28, 13, 5
14, 8, 37
18, 8, 37
19, 8, 37
15, 9, 37
16, 9, 37
17, 9, 37
21, 13, 5
20, 13, 5
19, 13, 5
27, 12, 5
26, 12, 5
20, 9, 37
21, 9, 37
18, 12, 5
25, 11, 5
24, 11, 5
18, 10, 37
19, 10, 37
17, 11, 5
16, 11, 5
23, 10, 5
22, 10, 5
22, 10, 37
23, 10, 37
15, 10, 5
14, 10, 5
21, 9, 5
20, 9, 5
20, 11, 37
21, 11, 37
13, 9, 5
12, 9, 5
19, 8, 5
18, 8, 5
17, 8, 5
22, 11, 37
11, 8, 5
10, 8, 5
16, 7, 5
15, 7, 5
24, 11, 37
25, 11, 37
9, 7, 5
14, 6, 5
13, 6, 5
26, 11, 37
23, 12, 37
8, 6, 5
12, 5, 5
11, 5, 5
24, 12, 37
8, 5, 5
10, 4, 5
9, 4, 5
25, 12, 37
7, 4, 5
8, 3, 5
7, 3, 5
6, 3, 5
29, 13, 4
28, 13, 4
27, 13, 4
26, 13, 4
25, 13, 4
24, 13, 4
23, 13, 4
22, 13, 4
21, 13, 4
20, 13, 4
28, 12, 4
27, 12, 4
26, 12, 4
26, 12, 37
27, 12, 37
11, 5, 38
12, 5, 38
19, 12, 4
25, 11, 4
24, 11, 4
12, 6, 38
13, 6, 38
18, 11, 4
17, 11, 4
23, 10, 4
22, 10, 4
14, 6, 38
15, 6, 38
16, 10, 4
15, 10, 4
21, 9, 4
20, 9, 4
13, 7, 38
16, 7, 38
17, 7, 38
14, 9, 4
13, 9, 4
19, 8, 4
18, 8, 4
14, 8, 38
15, 8, 38
16, 8, 38
12, 8, 4
11, 8, 4
17, 7, 4
16, 7, 4
15, 7, 4
18, 8, 38
19, 8, 38
10, 7, 4
14, 6, 4
13, 6, 4
16, 9, 38
17, 9, 38
9, 6, 4
12, 5, 4
11, 5, 4
18, 9, 38
19, 9, 38
8, 5, 4
10, 4, 4
9, 4, 4
20, 9, 38
7, 4, 4
8, 3, 4
7, 3, 4
28, 13, 3
27, 13, 3
26, 13, 3
25, 13, 3
27, 12, 3
26, 12, 3
21, 9, 38
24, 12, 3
23, 12, 3
22, 12, 3
21, 12, 3
20, 12, 3
25, 11, 3
24, 11, 3
22, 9, 38
20, 10, 38
19, 11, 3
18, 11, 3
23, 10, 3
22, 10, 3
21, 10, 38
22, 10, 38
23, 10, 38
17, 10, 3
21, 9, 3
20, 9, 3
24, 10, 38
23, 11, 38
16, 9, 3
15, 9, 3
14, 9, 3
19, 8, 3
18, 8, 3
24, 11, 38
25, 11, 38
26, 11, 38
13, 8, 3
12, 8, 3
17, 7, 3
16, 7, 3
15, 7, 3
25, 12, 38
26, 12, 38
13, 5, 39
11, 7, 3
10, 7, 3
14, 6, 3
13, 6, 3
13, 6, 39
14, 6, 39
10, 6, 3
12, 5, 3
11, 5, 3
15, 6, 39
9, 5, 3
10, 4, 3
9, 4, 3
8, 4, 3
26, 12, 2
25, 12, 2
24, 12, 2
23, 12, 2
22, 12, 2
21, 12, 2
25, 11, 2
24, 11, 2
14, 7, 39
15, 7, 39
16, 7, 39
20, 11, 2
23, 10, 2
22, 10, 2
17, 7, 39
17, 8, 39
19, 10, 2
18, 10, 2
21, 9, 2
20, 9, 2
18, 8, 39
19, 8, 39
17, 9, 2
16, 9, 2
19, 8, 2
18, 8, 2
17, 8, 2
19, 9, 39
15, 8, 2
14, 8, 2
16, 7, 2
15, 7, 2
20, 9, 39
13, 7, 2
12, 7, 2
14, 6, 2
13, 6, 2
21, 9, 39
11, 6, 2
10, 6, 2
12, 5, 2
11, 5, 2
10, 5, 2
10, 4, 2
9, 4, 2
25, 11, 1
24, 11, 1
23, 11, 1
22, 11, 1
21, 11, 1
23, 10, 1
22, 10, 1
22, 10, 39
20, 10, 1
19, 10, 1
21, 9, 1
20, 9, 1
23, 10, 39
18, 9, 1
17, 9, 1
19, 8, 1
18, 8, 1
17, 8, 1
16, 8, 1
15, 8, 1
16, 7, 1
15, 7, 1
14, 7, 1
13, 7, 1
14, 6, 1
13, 6, 1
12, 6, 1
11, 6, 1
12, 5, 1
11, 5, 1
10, 5, 1
10, 4, 1
23, 10, 0
22, 10, 0
21, 10, 0
20, 10, 0
21, 9, 0
20, 9, 0
19, 9, 0
18, 9, 0
19, 8, 0
18, 8, 0
17, 8, 0
16, 7, 0
15, 7, 0
14, 6, 0
13, 6, 0